1 29/09/03 2 3 5 6 9 10 11 13 14 16 18 20 23 24 25 
2 06/10/03 1 4 5 6 7 9 11 12 13 15 16 19 20 23 24 
3 13/10/03 1 4 6 7 8 9 10 11 12 14 16 17 20 23 24 
4 20/10/03 1 2 4 5 8 10 12 13 16 17 18 19 23 24 25 
5 27/10/03 1 2 4 8 9 11 12 13 15 16 19 20 23 24 25 
6 03/11/03 1 2 4 5 6 7 10 12 15 16 17 19 21 23 25 
7 10/11/03 1 4 7 8 10 12 14 15 16 18 19 21 22 23 25 
8 17/11/03 1 5 6 8 9 10 13 15 16 17 18 19 20 22 25 
9 24/11/03 3 4 5 9 10 11 13 15 16 17 19 20 21 24 25 
10 01/12/03 2 3 4 5 6 8 9 10 11 12 14 19 20 23 24 
11 08/12/03 2 6 7 8 9 10 11 12 16 19 20 22 23 24 25 
12 15/12/03 1 2 4 5 7 8 9 10 11 12 14 16 17 24 25 
13 22/12/03 3 5 6 7 8 9 10 11 13 14 15 16 17 19 23 
14 29/12/03 1 2 5 6 7 9 13 14 15 18 19 20 21 23 25 
15 05/01/04 1 2 4 6 8 10 12 15 16 18 19 21 23 24 25 
16 12/01/04 2 5 6 7 8 10 12 13 15 17 19 21 23 24 25 
17 19/01/04 1 2 3 5 6 7 9 13 14 16 17 18 19 20 21 
18 26/01/04 2 6 7 8 10 11 14 15 17 18 19 20 22 23 24 
19 02/02/04 2 5 6 7 8 10 11 13 14 15 16 17 20 23 24 
20 09/02/04 3 4 6 7 8 9 10 14 16 17 18 19 20 23 24 
21 16/02/04 1 2 4 5 8 11 14 16 18 19 20 22 23 24 25 
22 25/02/04 1 2 3 4 5 6 7 9 10 12 13 14 15 22 25 
23 01/03/04 1 3 4 5 6 8 10 11 12 14 16 17 18 19 20 
24 08/03/04 1 2 3 5 7 10 11 14 17 19 20 21 23 24 25 
25 15/03/04 1 2 3 4 5 6 7 9 13 14 16 20 22 23 24 
26 22/03/04 5 7 8 9 10 11 13 14 16 17 19 20 21 22 23 
27 29/03/04 3 6 8 10 11 12 13 14 15 18 20 21 22 24 25 
28 05/04/04 1 3 7 9 10 11 12 13 14 16 17 18 19 20 21 
29 12/04/04 1 4 5 6 8 9 13 14 16 17 19 20 21 22 24 
30 19/04/04 1 2 3 4 6 7 8 11 14 17 19 20 21 22 23 
31 26/04/04 1 2 3 4 9 13 14 15 17 19 20 21 22 24 25 
32 03/05/04 1 2 4 6 7 9 10 11 14 15 16 17 20 22 23 
33 10/05/04 1 2 5 7 8 10 11 12 14 16 19 20 21 23 24 
34 17/05/04 1 2 4 7 8 9 10 11 15 16 18 19 20 21 23 
35 24/05/04 1 4 5 6 11 12 13 14 16 17 19 21 22 23 25 
36 31/05/04 1 4 5 7 8 10 11 14 17 19 20 21 22 23 24 
37 07/06/04 1 3 4 5 8 9 10 11 13 15 20 21 22 23 24 
38 14/06/04 1 2 3 6 7 8 9 10 13 14 15 16 22 24 25 
39 21/06/04 2 7 8 9 11 13 14 15 17 18 19 21 22 23 24 
40 28/06/04 1 2 5 7 8 10 12 13 14 16 17 20 21 22 24 
41 05/07/04 2 3 4 9 12 13 15 16 17 18 19 20 21 23 25 
42 12/07/04 1 3 4 5 6 8 11 12 14 15 17 21 22 24 25 
43 19/07/04 1 3 6 7 8 9 10 14 17 18 19 20 22 23 24 
44 26/07/04 3 4 5 6 10 11 12 13 14 18 19 21 23 24 25 
45 02/08/04 1 2 3 5 7 9 14 16 17 18 19 21 23 24 25 
46 09/08/04 1 2 4 5 6 8 10 11 14 18 19 21 23 24 25 
47 16/08/04 1 2 3 4 5 6 8 10 11 13 15 18 20 22 25 
48 23/08/04 2 5 6 7 11 13 15 16 17 18 19 20 21 22 23 
49 30/08/04 2 4 5 6 8 11 13 15 16 19 20 21 22 23 24 
50 06/09/04 1 2 3 6 7 9 10 11 12 13 19 20 21 23 25 
51 13/09/04 1 3 5 6 7 8 11 13 14 16 17 20 21 22 23 
52 20/09/04 1 2 4 8 9 11 12 13 15 16 21 22 23 24 25 
53 27/09/04 1 2 3 6 7 9 11 12 14 17 18 19 20 23 24 
54 04/10/04 2 4 5 6 7 8 9 12 14 16 18 20 21 22 24 
55 11/10/04 2 3 4 5 6 7 8 9 12 13 15 16 18 19 25 
56 18/10/04 1 2 5 9 12 13 14 15 16 17 19 20 22 23 24 
57 25/10/04 1 2 3 4 6 7 8 11 12 17 19 20 21 22 25 
58 01/11/04 3 4 5 6 11 12 13 14 15 16 17 18 19 20 22 
59 08/11/04 1 3 5 6 7 8 10 11 13 14 15 19 20 23 25 
60 16/11/04 1 2 3 4 5 8 11 16 17 18 19 22 23 24 25 
61 22/11/04 1 4 5 9 11 12 13 14 15 16 19 20 22 23 25 
62 29/11/04 1 3 7 8 9 11 13 14 15 16 17 18 20 24 25 
63 06/12/04 4 8 9 10 11 12 13 16 17 19 20 21 22 24 25 
64 13/12/04 1 2 3 6 7 8 9 10 13 14 17 18 20 23 25 
65 20/12/04 1 2 4 7 10 15 16 17 18 19 20 21 22 23 25 
66 27/12/04 1 2 4 8 10 11 14 15 16 17 20 21 22 23 24 
67 03/01/05 5 7 8 9 10 11 12 13 15 16 20 21 22 23 24 
68 10/01/05 1 2 3 5 6 7 8 9 10 12 16 17 22 23 25 
69 17/01/05 1 4 7 8 9 10 11 15 17 18 19 20 21 23 24 
70 24/01/05 1 2 3 5 6 9 10 12 14 15 16 19 20 24 25 
71 31/01/05 1 3 5 6 8 9 11 13 14 15 16 18 21 22 23 
72 09/02/05 1 2 5 7 8 11 12 13 15 16 17 18 23 24 25 
73 14/02/05 1 2 5 7 10 11 13 14 15 16 17 18 19 21 25 
74 21/02/05 1 2 3 4 5 6 8 11 13 15 16 18 22 23 25 
75 28/02/05 1 3 4 5 6 7 8 10 11 13 15 16 17 20 25 
76 07/03/05 1 3 5 8 9 10 12 13 15 16 17 19 21 23 25 
77 14/03/05 2 3 4 6 8 9 11 14 17 18 20 21 22 24 25 
78 21/03/05 1 2 3 5 6 7 8 12 13 15 16 17 18 20 23 
79 28/03/05 1 2 3 5 9 12 14 15 17 18 20 22 23 24 25 
80 04/04/05 1 2 3 4 5 7 9 10 14 15 17 18 20 22 25 
81 11/04/05 1 2 3 4 5 6 7 10 11 13 15 16 17 19 21 
82 18/04/05 1 4 5 6 8 9 12 13 15 17 18 19 20 22 23 
83 25/04/05 1 2 3 5 6 8 10 11 12 13 14 20 23 24 25 
84 02/05/05 1 2 4 6 8 12 15 16 17 19 20 22 23 24 25 
85 09/05/05 1 2 5 7 8 9 11 13 14 15 16 18 21 22 23 
86 16/05/05 2 4 5 6 8 9 12 13 14 17 18 19 23 24 25 
87 23/05/05 1 2 3 5 8 9 10 11 13 15 18 20 22 24 25 
88 30/05/05 1 2 4 5 8 9 10 11 12 14 17 18 19 24 25 
89 06/06/05 1 6 11 12 13 15 16 17 19 20 21 22 23 24 25 
90 13/06/05 1 2 3 8 10 11 12 15 17 20 21 22 23 24 25 
91 20/06/05 1 4 9 10 11 12 13 14 15 16 17 20 22 23 25 
92 27/06/05 1 2 4 6 8 12 13 14 15 17 18 19 21 22 24 
93 04/07/05 2 4 5 6 7 9 10 13 17 18 19 20 21 23 24 
94 11/07/05 2 4 8 9 11 12 13 15 16 17 18 21 22 23 24 
95 18/07/05 1 2 3 4 5 10 11 12 14 15 17 18 19 20 22 
96 25/07/05 3 4 6 9 10 12 14 16 17 18 19 21 22 23 24 
97 02/08/05 3 4 6 10 12 13 14 15 17 19 20 22 23 24 25 
98 08/08/05 1 2 5 6 8 10 11 15 17 18 20 22 23 24 25 
99 15/08/05 1 2 3 4 7 10 11 13 14 16 17 20 21 24 25 
100 22/08/05 1 3 4 8 9 10 11 12 13 14 16 17 22 23 25 
101 29/08/05 1 3 6 7 9 10 13 14 16 17 19 20 21 23 24 
102 05/09/05 1 2 3 4 7 9 10 11 12 18 19 21 22 23 25 
103 12/09/05 1 2 3 4 5 7 8 10 11 16 17 18 22 23 25 
104 19/09/05 5 6 7 10 11 13 14 15 16 18 19 21 22 24 25 
105 26/09/05 4 6 7 8 9 10 11 12 13 15 17 19 21 22 25 
106 03/10/05 1 2 3 4 5 6 10 12 13 14 15 17 22 23 25 
107 10/10/05 1 3 4 6 7 8 9 11 12 15 17 18 21 24 25 
108 17/10/05 1 2 4 7 8 9 11 12 14 15 16 18 22 23 25 
109 24/10/05 1 3 5 7 9 11 12 13 16 18 20 21 23 24 25 
110 31/10/05 1 3 4 5 6 12 13 14 17 19 20 21 22 23 25 
111 07/11/05 1 5 6 10 11 12 13 15 17 18 19 21 22 24 25 
112 14/11/05 1 2 3 4 6 10 11 14 15 17 18 19 20 21 23 
113 21/11/05 1 2 4 5 6 8 11 12 13 14 19 20 21 24 25 
114 28/11/05 1 2 3 6 7 8 9 10 11 14 20 21 22 24 25 
115 05/12/05 1 4 5 6 7 9 11 12 13 16 17 18 20 21 25 
116 12/12/05 1 2 9 10 11 12 13 14 16 18 19 20 21 23 25 
117 19/12/05 5 6 7 9 10 11 12 13 14 15 17 18 20 23 25 
118 27/12/05 2 4 5 6 8 12 13 14 15 18 19 21 22 23 24 
119 02/01/06 1 4 6 8 9 10 11 15 17 18 20 21 22 23 24 
120 09/01/06 1 3 5 7 8 11 12 13 15 16 18 19 20 21 24 
121 16/01/06 1 2 4 5 7 9 10 11 12 16 17 18 23 24 25 
122 23/01/06 1 2 4 5 8 9 10 13 15 17 18 20 22 23 25 
123 30/01/06 4 5 6 7 11 12 13 17 18 19 20 21 22 23 24 
124 06/02/06 2 3 4 6 7 9 14 15 16 18 19 20 21 24 25 
125 13/02/06 2 3 4 6 7 9 10 11 12 15 16 21 22 24 25 
126 20/02/06 1 2 3 4 6 7 8 13 14 16 18 21 22 24 25 
127 01/03/06 1 2 3 4 5 7 10 11 12 13 18 19 22 23 25 
128 06/03/06 2 3 4 6 11 13 14 15 16 17 19 20 21 23 25 
129 13/03/06 2 5 6 7 9 11 13 15 18 19 20 21 22 23 25 
130 20/03/06 2 3 4 5 6 9 10 12 13 15 17 19 23 24 25 
131 27/03/06 2 4 5 6 7 8 11 12 13 15 19 20 22 23 25 
132 03/04/06 1 3 4 5 7 9 10 11 14 15 16 17 22 23 25 
133 10/04/06 1 3 4 5 8 9 11 13 15 18 19 20 21 22 23 
134 17/04/06 1 3 5 7 8 10 11 12 13 14 16 17 19 22 25 
135 24/04/06 1 2 5 7 8 10 13 14 15 18 19 20 21 22 25 
136 02/05/06 1 2 3 5 6 9 12 13 14 15 17 21 22 23 24 
137 08/05/06 2 6 8 9 10 11 12 13 16 17 18 19 20 21 25 
138 15/05/06 2 3 4 5 7 8 11 13 15 16 17 21 22 24 25 
139 22/05/06 1 2 7 9 12 14 15 16 17 18 19 21 22 23 24 
140 29/05/06 1 2 3 6 9 10 12 13 15 18 19 20 22 24 25 
141 05/06/06 1 3 7 8 9 10 12 13 16 17 18 19 20 24 25 
142 12/06/06 1 2 4 5 6 7 9 15 16 17 18 19 22 23 24 
143 19/06/06 1 2 8 9 11 13 15 16 17 19 21 22 23 24 25 
144 26/06/06 1 2 4 7 9 11 12 14 17 19 20 21 22 24 25 
145 03/07/06 1 2 3 9 10 11 13 14 15 17 18 20 22 24 25 
146 10/07/06 1 2 5 8 10 11 12 13 14 16 17 22 23 24 25 
147 17/07/06 1 2 4 5 6 10 11 12 13 16 19 21 22 23 25 
148 24/07/06 1 2 4 5 8 9 12 13 16 17 20 21 22 24 25 
149 01/08/06 2 5 7 9 10 13 15 16 17 18 19 20 23 24 25 
150 07/08/06 1 3 5 6 7 8 9 11 14 19 21 22 23 24 25 
151 14/08/06 3 4 5 7 9 10 11 12 13 14 16 18 20 23 24 
152 21/08/06 3 4 5 6 7 8 13 15 17 19 20 22 23 24 25 
153 28/08/06 1 2 4 5 8 11 12 13 17 18 20 21 23 24 25 
154 04/09/06 1 2 3 5 6 9 10 11 13 14 15 16 18 23 24 
155 11/09/06 2 4 5 8 10 11 14 15 16 18 19 20 21 22 24 
156 18/09/06 1 3 4 8 9 10 11 12 13 14 15 19 20 22 23 
157 25/09/06 1 2 4 6 7 9 10 12 14 16 18 19 21 24 25 
158 02/10/06 2 7 8 9 10 11 12 15 16 17 18 19 20 22 23 
159 09/10/06 1 2 3 4 5 6 8 10 11 14 15 17 20 24 25 
160 16/10/06 1 3 4 9 10 11 12 14 15 16 17 19 20 21 24 
161 19/10/06 1 5 8 11 13 15 16 17 18 20 21 22 23 24 25 
162 23/10/06 1 2 3 4 5 6 8 11 12 13 16 18 20 23 24 
163 26/10/06 1 2 3 5 6 7 9 13 14 15 20 21 23 24 25 
164 30/10/06 1 2 3 5 6 8 10 11 14 15 18 21 22 23 24 
165 03/11/06 1 2 4 6 8 9 12 13 14 15 17 18 19 22 25 
166 06/11/06 2 3 4 8 9 10 13 14 15 18 19 20 21 22 23 
167 09/11/06 1 2 3 6 8 9 10 13 14 16 18 19 22 23 24 
168 13/11/06 1 2 3 4 7 10 12 15 16 17 19 20 22 23 24 
169 16/11/06 1 4 5 6 7 8 9 10 11 12 15 16 20 21 24 
170 21/11/06 1 3 4 5 6 7 8 10 13 16 18 20 22 23 25 
171 23/11/06 1 3 4 10 11 12 13 15 16 17 21 22 23 24 25 
172 27/11/06 1 2 4 6 7 9 10 11 12 13 18 20 21 22 25 
173 30/11/06 2 3 4 5 7 8 11 15 19 20 21 22 23 24 25 
174 04/12/06 1 2 4 7 9 10 11 12 13 15 17 20 23 24 25 
175 07/12/06 2 3 5 6 7 11 12 13 14 15 16 18 19 21 24 
176 11/12/06 2 4 10 11 12 13 15 16 17 18 21 22 23 24 25 
177 14/12/06 2 6 7 8 10 11 13 15 16 17 19 20 21 23 24 
178 18/12/06 2 3 4 6 8 9 10 14 16 19 20 21 23 24 25 
179 21/12/06 2 3 4 5 7 9 13 14 15 17 19 22 23 24 25 
180 26/12/06 1 2 3 4 5 6 7 8 10 11 15 17 20 24 25 
181 28/12/06 1 4 5 6 7 8 14 15 16 17 19 20 21 22 23 
182 02/01/07 2 3 4 7 8 9 11 13 14 17 19 21 22 23 25 
183 04/01/07 2 4 6 7 8 11 13 14 16 19 20 21 23 24 25 
184 08/01/07 1 3 7 8 9 10 11 15 16 17 18 19 21 23 25 
185 11/01/07 1 2 4 6 7 8 9 11 12 15 17 19 20 23 25 
186 15/01/07 2 4 5 6 11 12 13 16 17 18 19 22 23 24 25 
187 18/01/07 1 3 11 12 13 15 16 17 18 19 21 22 23 24 25 
188 22/01/07 2 3 5 8 10 11 13 16 19 20 21 22 23 24 25 
189 25/01/07 1 2 4 5 6 7 9 13 16 18 19 20 22 23 24 
190 29/01/07 1 3 4 5 7 8 11 13 14 15 16 18 19 23 24 
191 01/02/07 2 5 8 9 10 12 13 15 17 18 19 20 21 22 23 
192 05/02/07 1 2 3 4 5 6 11 13 14 15 16 21 22 23 24 
193 08/02/07 1 2 3 4 5 8 9 10 14 15 16 19 20 21 25 
194 12/02/07 2 7 8 9 10 12 13 14 15 17 18 21 22 23 25 
195 15/02/07 2 3 4 6 7 8 9 11 12 14 17 18 19 22 23 
196 22/02/07 2 3 4 5 10 14 15 16 17 19 20 22 23 24 25 
197 26/02/07 3 4 5 6 7 8 9 10 12 13 18 20 21 22 23 
198 01/03/07 1 2 4 5 6 7 13 14 15 16 17 18 20 21 25 
199 05/03/07 1 2 3 4 5 6 9 11 12 15 19 20 21 22 23 
200 08/03/07 1 2 4 5 8 9 11 12 13 14 15 16 21 23 24 
201 12/03/07 1 2 4 5 8 9 10 11 12 13 14 15 19 20 22 
202 15/03/07 1 3 5 10 11 13 14 16 17 18 19 21 22 23 24 
203 19/03/07 1 2 3 4 5 6 7 12 13 14 17 18 23 24 25 
204 22/03/07 2 3 4 5 7 8 11 14 15 16 17 22 23 24 25 
205 26/03/07 2 3 4 9 10 11 12 14 15 16 17 18 21 22 25 
206 29/03/07 2 3 5 8 9 11 12 13 14 15 16 17 20 21 22 
207 02/04/07 1 2 3 4 6 9 10 12 13 14 15 17 19 20 22 
208 05/04/07 1 3 4 6 7 9 10 11 12 14 15 16 19 23 24 
209 09/04/07 1 3 5 6 7 9 10 14 15 18 19 21 22 24 25 
210 12/04/07 3 5 7 9 10 11 13 14 15 16 18 21 22 23 24 
211 16/04/07 1 2 4 6 8 10 11 12 14 16 17 18 22 24 25 
212 19/04/07 1 3 4 6 8 9 10 11 12 14 16 19 20 22 23 
213 23/04/07 1 3 4 5 8 9 10 11 16 18 19 21 23 24 25 
214 26/04/07 1 2 3 4 9 11 13 14 15 18 19 20 22 24 25 
215 30/04/07 1 3 4 5 7 9 11 12 14 15 17 18 19 23 25 
216 03/05/07 2 3 4 5 6 7 9 10 11 13 17 19 21 24 25 
217 07/05/07 2 3 4 5 6 7 9 10 11 12 16 17 19 21 25 
218 10/05/07 2 5 7 8 11 12 13 14 15 16 17 20 21 22 25 
219 14/05/07 2 3 6 8 9 11 14 16 17 18 19 22 23 24 25 
220 17/05/07 5 9 10 12 13 14 15 16 17 18 20 21 23 24 25 
221 21/05/07 1 2 3 6 7 8 10 12 16 17 19 20 21 23 25 
222 24/05/07 1 3 4 5 6 7 8 9 12 15 18 21 22 23 24 
223 28/05/07 2 4 7 9 10 11 12 13 14 16 20 21 22 23 24 
224 31/05/07 4 6 8 9 10 11 12 13 15 18 19 20 21 23 24 
225 04/06/07 1 2 3 5 7 8 13 14 15 18 19 20 22 23 25 
226 08/06/07 4 5 8 10 11 13 14 15 16 17 18 19 20 21 25 
227 11/06/07 1 5 7 8 9 10 12 14 15 17 18 19 20 21 22 
228 14/06/07 2 4 10 11 12 13 14 15 16 17 18 19 20 24 25 
229 18/06/07 2 6 8 9 10 11 12 13 14 15 16 17 20 23 25 
230 21/06/07 1 2 3 4 5 6 8 10 11 13 14 15 17 22 24 
231 25/06/07 1 2 5 6 7 10 12 15 16 17 18 19 21 24 25 
232 28/06/07 4 5 6 9 11 12 13 14 16 17 18 21 23 24 25 
233 02/07/07 1 2 3 4 5 6 7 8 9 12 13 14 17 19 21 
234 05/07/07 1 2 3 4 5 9 11 12 13 14 15 17 21 22 24 
235 09/07/07 1 8 10 12 13 14 15 16 17 18 19 21 23 24 25 
236 12/07/07 1 3 4 5 7 8 9 12 13 15 16 21 22 23 25 
237 16/07/07 4 5 6 7 9 12 13 15 16 18 19 20 21 22 23 
238 19/07/07 1 3 4 6 11 12 13 14 15 17 19 20 21 23 24 
239 23/07/07 1 3 5 6 7 9 10 13 14 15 16 19 22 23 25 
240 26/07/07 1 2 4 9 10 11 13 14 15 16 18 19 21 22 23 
241 30/07/07 3 4 5 8 9 12 13 14 15 17 20 21 23 24 25 
242 02/08/07 2 5 6 8 9 13 14 15 16 17 18 19 21 22 23 
243 06/08/07 1 2 3 4 5 7 12 13 16 17 18 20 21 23 25 
244 09/08/07 3 5 6 7 9 10 11 12 14 15 18 20 21 22 24 
245 13/08/07 1 2 6 7 9 10 11 12 14 15 16 18 19 24 25 
246 16/08/07 1 4 5 7 8 9 10 12 13 15 17 18 21 24 25 
247 20/08/07 1 2 3 4 7 8 9 14 15 16 17 19 22 23 25 
248 23/08/07 1 2 5 8 9 10 11 12 13 15 16 19 20 21 25 
249 27/08/07 4 5 7 8 9 10 12 14 15 17 18 21 22 23 25 
250 30/08/07 1 2 3 5 9 10 12 13 15 16 17 18 19 21 23 
251 03/09/07 3 4 5 6 9 10 13 15 16 18 19 21 22 23 25 
252 06/09/07 2 3 4 6 8 11 14 15 17 18 19 22 23 24 25 
253 10/09/07 1 4 5 6 7 8 11 12 13 15 18 19 21 22 23 
254 13/09/07 2 3 4 5 6 7 8 9 11 13 14 15 16 20 23 
255 17/09/07 1 2 3 4 6 9 10 14 15 16 17 21 22 23 24 
256 20/09/07 1 2 6 7 8 9 10 12 13 15 16 18 20 22 24 
257 24/09/07 1 3 6 7 9 10 12 13 14 16 17 18 19 22 24 
258 27/09/07 2 4 5 6 9 12 13 14 17 19 20 21 22 24 25 
259 01/10/07 3 5 6 7 8 9 10 15 18 19 20 21 22 24 25 
260 04/10/07 1 3 4 5 6 7 8 9 11 13 14 18 19 20 24 
261 08/10/07 1 2 4 5 6 7 11 13 15 16 17 19 20 21 25 
262 11/10/07 3 4 6 7 8 9 12 13 14 15 17 20 21 23 24 
263 15/10/07 1 4 7 8 9 10 11 14 15 16 18 19 21 23 24 
264 18/10/07 1 3 4 6 8 9 12 13 16 19 20 21 22 23 25 
265 22/10/07 1 5 7 8 11 12 13 15 16 17 18 19 20 22 24 
266 25/10/07 1 3 4 5 6 7 9 11 14 15 18 19 21 22 24 
267 29/10/07 2 3 4 5 6 9 11 12 13 14 15 17 21 23 24 
268 01/11/07 5 6 7 8 9 10 12 14 15 16 18 19 20 23 25 
269 05/11/07 1 2 4 6 10 13 14 15 16 17 18 19 22 23 24 
270 08/11/07 1 3 4 5 6 7 8 9 14 16 18 19 23 24 25 
271 12/11/07 1 2 4 5 6 8 11 12 16 18 19 20 21 24 25 
272 16/11/07 1 2 4 5 8 9 11 12 13 15 17 20 23 24 25 
273 19/11/07 1 5 6 7 10 12 15 16 17 18 19 20 21 24 25 
274 22/11/07 2 4 5 6 7 10 11 12 14 15 17 20 21 23 25 
275 26/11/07 1 3 5 6 8 9 10 11 12 14 15 17 18 20 22 
276 29/11/07 2 3 4 5 7 10 11 12 13 17 18 19 20 22 25 
277 03/12/07 2 4 9 10 11 12 13 14 16 17 21 22 23 24 25 
278 06/12/07 1 2 3 5 6 9 11 12 13 15 17 19 21 23 25 
279 10/12/07 1 2 3 5 6 9 10 11 12 13 17 18 19 22 23 
280 13/12/07 3 4 5 6 9 10 11 13 15 16 17 19 20 24 25 
281 17/12/07 1 2 3 4 8 9 10 11 12 14 15 17 19 23 25 
282 20/12/07 2 3 4 7 8 11 12 13 15 16 19 20 21 22 25 
283 22/12/07 1 2 4 6 8 9 10 11 12 13 19 20 22 23 24 
284 27/12/07 1 3 5 6 7 11 12 13 15 17 19 21 22 23 25 
285 29/12/07 1 4 5 8 9 10 11 12 13 14 15 16 19 22 23 
286 03/01/08 1 2 3 4 7 9 10 11 12 13 19 21 23 24 25 
287 07/01/08 2 5 6 7 10 12 13 15 16 17 18 21 22 23 25 
288 10/01/08 1 2 3 4 6 9 10 12 13 14 15 18 19 24 25 
289 14/01/08 1 2 3 4 6 8 9 10 12 14 15 17 19 22 24 
290 17/01/08 1 2 5 6 7 9 11 12 13 14 17 20 21 22 23 
291 21/01/08 1 2 5 7 8 10 11 12 13 14 15 17 20 23 24 
292 24/01/08 2 3 5 7 8 9 11 12 13 16 17 21 22 24 25 
293 28/01/08 1 2 3 6 9 12 13 14 15 18 19 22 23 24 25 
294 31/01/08 1 2 3 4 5 7 8 11 12 15 16 20 23 24 25 
295 07/02/08 2 3 4 6 10 13 15 16 17 18 19 21 23 24 25 
296 11/02/08 2 3 6 7 8 11 12 14 15 16 17 18 19 22 25 
297 14/02/08 1 4 7 8 9 10 12 14 15 16 21 22 23 24 25 
298 18/02/08 1 3 4 6 7 8 11 12 13 14 15 16 21 22 24 
299 21/02/08 3 5 6 7 8 10 13 17 18 19 20 21 22 23 24 
300 25/02/08 3 4 7 8 9 11 12 15 17 19 20 21 22 23 25 
301 28/02/08 2 3 8 9 11 12 13 14 15 17 18 19 20 22 23 
302 03/03/08 2 4 5 6 9 10 11 12 14 15 16 18 20 22 25 
303 06/03/08 2 3 4 6 8 12 15 16 17 18 20 21 22 23 24 
304 10/03/08 1 3 4 5 12 14 15 16 17 18 19 20 21 22 25 
305 13/03/08 2 3 4 5 8 10 11 12 13 18 20 21 22 24 25 
306 17/03/08 1 2 4 5 8 11 12 13 14 15 16 18 19 20 25 
307 20/03/08 1 3 4 6 9 10 12 14 15 17 19 20 21 23 24 
308 24/03/08 1 2 4 5 12 13 15 16 18 19 21 22 23 24 25 
309 27/03/08 1 2 3 4 8 9 10 13 14 16 17 20 21 22 24 
310 31/03/08 2 3 5 9 10 11 14 15 16 17 18 19 21 23 24 
311 03/04/08 2 4 5 7 10 12 14 15 16 17 19 20 23 24 25 
312 07/04/08 1 2 6 8 9 10 11 12 13 16 17 18 19 22 25 
313 10/04/08 2 3 6 7 9 10 12 14 15 16 17 18 19 23 25 
314 14/04/08 1 2 5 6 8 9 11 12 13 14 15 19 20 21 22 
315 17/04/08 2 3 5 6 8 11 13 14 16 17 19 20 21 23 24 
316 22/04/08 1 3 4 6 7 8 10 12 13 14 15 18 19 23 24 
317 24/04/08 1 2 4 5 8 9 11 14 16 18 19 21 22 24 25 
318 28/04/08 3 4 5 6 9 11 12 13 14 15 16 18 21 23 25 
319 02/05/08 1 3 4 6 8 9 10 12 14 16 17 19 20 23 24 
320 05/05/08 1 3 6 9 11 12 14 15 17 18 19 21 22 23 25 
321 08/05/08 2 3 4 9 10 11 12 13 14 16 17 18 20 24 25 
322 12/05/08 1 2 3 5 7 12 13 15 16 17 18 20 21 23 24 
323 15/05/08 1 2 3 4 6 7 9 10 14 17 19 20 21 23 25 
324 19/05/08 1 2 3 4 6 7 8 9 10 12 16 20 21 23 24 
325 23/05/08 1 2 4 5 6 7 10 14 15 19 20 22 23 24 25 
326 26/05/08 1 2 4 6 7 8 10 11 12 13 15 17 18 24 25 
327 29/05/08 1 2 3 4 8 12 13 14 15 16 17 18 19 21 23 
328 02/06/08 2 3 4 5 11 12 13 15 18 19 21 22 23 24 25 
329 05/06/08 1 2 3 4 8 9 13 14 17 18 20 21 23 24 25 
330 09/06/08 1 2 5 6 9 12 14 15 17 18 19 22 23 24 25 
331 12/06/08 1 3 5 6 7 12 13 15 16 18 19 21 22 23 25 
332 16/06/08 2 3 5 6 7 10 11 12 14 19 20 21 23 24 25 
333 19/06/08 1 2 5 6 9 11 12 13 14 15 16 18 21 23 25 
334 23/06/08 1 2 6 7 8 11 13 15 16 17 18 21 22 23 25 
335 26/06/08 1 3 4 6 7 8 9 11 12 14 16 17 19 20 21 
336 30/06/08 1 2 3 5 6 8 10 11 14 15 16 17 19 22 25 
337 03/07/08 1 3 4 5 7 8 9 10 11 12 16 18 19 22 23 
338 07/07/08 3 4 5 6 7 9 12 14 15 16 17 19 20 21 25 
339 10/07/08 1 2 5 8 10 13 15 16 18 19 20 21 22 23 24 
340 14/07/08 2 3 4 5 6 8 9 10 11 14 19 20 21 22 25 
341 17/07/08 1 5 7 9 11 12 13 16 18 19 20 21 22 24 25 
342 21/07/08 1 3 4 8 11 12 13 15 16 19 20 21 22 23 25 
343 24/07/08 3 5 6 8 11 12 13 14 15 16 18 19 20 22 25 
344 28/07/08 3 4 5 6 9 10 11 12 13 15 16 20 21 24 25 
345 31/07/08 2 7 9 11 12 14 15 16 18 19 20 21 23 24 25 
346 04/08/08 1 2 3 5 6 8 10 12 14 15 17 18 21 23 24 
347 07/08/08 3 5 7 8 9 10 11 12 14 15 18 19 20 24 25 
348 11/08/08 1 2 5 7 8 12 14 17 18 19 20 21 22 24 25 
349 14/08/08 1 2 5 7 8 12 14 16 17 18 19 20 22 24 25 
350 18/08/08 1 2 3 4 6 7 8 9 12 13 14 15 22 23 25 
351 21/08/08 1 2 3 5 7 10 11 12 14 16 17 18 19 23 24 
352 25/08/08 1 2 3 4 6 9 12 13 15 17 18 19 20 22 24 
353 28/08/08 2 3 7 8 9 11 12 13 17 18 19 20 21 22 23 
354 01/09/08 1 2 4 7 8 9 10 12 16 17 18 19 21 22 23 
355 04/09/08 2 4 6 7 8 9 10 11 12 13 15 18 19 23 25 
356 08/09/08 2 4 5 9 10 11 13 14 15 16 19 20 22 24 25 
357 11/09/08 1 2 5 6 8 9 10 11 13 14 17 19 21 23 25 
358 15/09/08 2 4 6 9 10 11 12 14 15 16 17 18 23 24 25 
359 18/09/08 4 7 8 10 11 12 13 16 17 18 19 21 22 24 25 
360 22/09/08 1 2 3 4 5 7 8 9 11 17 18 19 20 23 24 
361 25/09/08 1 4 7 9 10 12 13 14 15 16 17 19 20 23 24 
362 29/09/08 1 2 3 4 5 6 7 10 12 13 17 18 22 23 24 
363 02/10/08 2 3 4 6 8 9 11 13 15 16 17 20 21 22 23 
364 06/10/08 2 3 4 6 7 9 11 12 13 15 19 20 21 22 24 
365 09/10/08 3 4 5 8 10 11 12 15 16 18 19 20 23 24 25 
366 13/10/08 3 5 6 8 9 11 13 15 17 18 20 21 22 23 25 
367 16/10/08 1 2 4 7 8 9 12 13 15 17 18 20 21 22 24 
368 20/10/08 2 3 4 5 6 11 13 14 15 17 19 20 21 22 24 
369 23/10/08 1 3 5 6 7 9 11 12 14 15 20 21 22 23 24 
370 27/10/08 3 4 6 7 8 9 10 11 12 14 16 17 19 23 25 
371 30/10/08 1 2 3 5 6 7 8 9 10 13 14 15 16 22 25 
372 03/11/08 3 4 5 6 10 12 13 14 16 17 19 22 23 24 25 
373 06/11/08 2 4 6 9 11 12 13 14 15 17 19 20 21 22 23 
374 10/11/08 1 2 3 6 9 12 13 16 18 20 21 22 23 24 25 
375 13/11/08 1 2 5 7 10 11 12 13 14 16 17 18 19 20 25 
376 17/11/08 2 3 8 10 12 13 14 15 16 18 20 21 22 24 25 
377 20/11/08 1 2 3 4 7 8 9 11 12 13 15 17 19 20 22 
378 24/11/08 2 3 4 6 12 13 14 15 16 19 21 22 23 24 25 
379 27/11/08 3 4 5 7 10 11 12 13 14 16 17 18 21 22 25 
380 01/12/08 2 3 4 6 7 8 9 10 11 14 17 18 22 23 25 
381 04/12/08 1 3 4 6 7 9 10 12 13 15 17 19 21 22 25 
382 08/12/08 2 3 4 7 8 9 10 11 12 14 15 16 21 22 24 
383 11/12/08 3 5 6 7 9 11 12 14 15 16 18 22 23 24 25 
384 15/12/08 1 3 4 7 10 11 13 15 17 18 19 20 21 22 25 
385 18/12/08 1 2 4 5 6 8 12 13 15 18 20 22 23 24 25 
386 22/12/08 1 2 3 4 6 7 9 11 15 18 19 20 21 23 25 
387 26/12/08 2 3 4 8 9 10 11 12 14 15 19 20 21 22 23 
388 29/12/08 1 2 3 5 6 7 9 10 11 15 16 17 18 20 21 
389 02/01/09 2 3 4 5 6 9 10 12 13 17 18 19 23 24 25 
390 05/01/09 2 5 7 10 11 12 13 14 15 19 20 21 22 24 25 
391 08/01/09 1 3 4 6 8 9 12 13 15 16 18 21 22 23 25 
392 12/01/09 1 2 3 4 10 11 12 14 15 17 18 20 21 23 25 
393 15/01/09 1 3 4 6 7 8 10 11 17 18 20 21 22 23 25 
394 19/01/09 2 5 6 7 8 12 13 14 16 18 20 21 22 23 24 
395 22/01/09 1 2 4 6 8 9 11 13 14 15 17 21 22 23 25 
396 26/01/09 1 2 3 5 6 7 9 10 11 13 15 18 20 22 24 
397 29/01/09 1 2 3 4 5 6 8 9 10 13 14 15 20 22 25 
398 02/02/09 2 3 4 5 7 8 9 10 12 13 16 18 20 21 22 
399 05/02/09 1 4 7 9 10 11 12 14 16 17 19 21 22 23 24 
400 09/02/09 1 5 9 10 12 14 15 16 17 19 20 21 22 23 24 
401 12/02/09 1 2 3 5 6 7 8 10 14 16 17 21 23 24 25 
402 16/02/09 1 2 4 6 7 8 9 11 16 20 21 22 23 24 25 
403 19/02/09 2 4 6 7 8 9 11 12 13 14 15 19 21 24 25 
404 26/02/09 1 5 6 8 10 11 13 14 16 18 20 21 22 24 25 
405 02/03/09 4 5 6 7 8 11 12 13 14 16 18 19 22 24 25 
406 05/03/09 1 2 4 5 7 8 9 10 11 16 17 21 22 23 24 
407 09/03/09 2 4 6 7 8 9 11 12 14 15 16 17 20 22 25 
408 12/03/09 1 2 3 4 10 11 12 14 15 18 19 20 21 22 23 
409 16/03/09 1 2 4 6 7 8 10 14 16 17 20 21 23 24 25 
410 19/03/09 1 4 5 7 8 9 10 11 13 14 15 17 18 19 25 
411 23/03/09 1 5 7 9 11 12 14 16 17 18 20 21 22 24 25 
412 26/03/09 3 4 8 9 10 11 12 16 17 18 19 20 21 22 25 
413 30/03/09 2 3 5 6 8 9 10 12 13 14 16 17 20 21 25 
414 02/04/09 2 3 5 6 8 9 10 11 15 16 18 19 20 21 25 
415 06/04/09 1 3 7 10 11 13 14 15 17 18 19 20 21 22 23 
416 09/04/09 1 2 5 6 7 13 15 16 18 19 20 22 23 24 25 
417 15/04/09 1 2 3 8 9 11 12 13 14 15 16 17 19 21 23 
418 16/04/09 5 8 9 10 11 12 13 14 18 19 20 22 23 24 25 
419 20/04/09 3 4 5 6 7 14 15 16 17 18 20 21 22 23 24 
420 23/04/09 3 4 5 6 7 8 9 10 11 12 18 19 22 24 25 
421 27/04/09 3 4 5 8 9 10 12 13 14 15 16 19 20 23 25 
422 30/04/09 1 2 3 4 6 7 8 12 13 14 17 18 22 23 25 
423 04/05/09 1 2 3 5 11 13 15 16 17 18 20 22 23 24 25 
424 07/05/09 1 3 6 9 10 11 13 14 15 16 17 18 19 24 25 
425 11/05/09 1 7 9 10 11 12 13 15 16 18 19 20 22 23 24 
426 14/05/09 2 3 4 5 6 8 10 11 15 16 18 19 22 24 25 
427 18/05/09 1 3 4 5 6 7 9 10 11 12 16 19 21 22 24 
428 21/05/09 1 3 4 11 13 14 15 17 18 19 20 21 22 23 24 
429 25/05/09 2 3 4 5 6 7 8 12 13 14 16 17 19 23 25 
430 28/05/09 2 3 4 5 6 7 9 11 13 14 15 20 22 23 25 
431 01/06/09 1 2 3 5 9 11 12 13 15 18 20 21 22 23 24 
432 04/06/09 2 3 4 6 7 10 12 13 15 17 19 20 21 23 24 
433 08/06/09 1 2 3 5 7 8 9 14 15 19 21 22 23 24 25 
434 12/06/09 3 4 6 9 11 12 13 15 16 17 18 21 23 24 25 
435 15/06/09 1 3 4 5 10 11 13 14 15 16 17 18 21 24 25 
436 18/06/09 3 4 6 7 10 13 14 15 18 19 20 21 22 23 25 
437 22/06/09 1 2 4 5 6 8 10 11 12 16 17 19 20 21 23 
438 25/06/09 1 4 7 8 9 11 13 15 17 18 21 22 23 24 25 
439 29/06/09 2 3 5 9 10 11 12 14 15 17 19 21 23 24 25 
440 02/07/09 1 3 5 8 9 12 13 14 15 16 19 21 22 24 25 
441 06/07/09 1 2 3 4 7 8 9 10 11 13 14 20 23 24 25 
442 09/07/09 5 6 7 8 9 12 13 14 15 17 18 22 23 24 25 
443 13/07/09 1 2 3 5 7 10 11 12 16 17 18 19 21 22 23 
444 16/07/09 1 2 3 6 7 10 14 15 18 19 20 21 22 24 25 
445 20/07/09 1 2 4 7 9 10 11 12 13 15 16 18 19 20 21 
446 23/07/09 1 2 4 5 6 8 10 11 14 15 16 19 21 23 24 
447 27/07/09 1 2 5 8 10 12 16 17 18 19 20 21 22 24 25 
448 30/07/09 1 3 5 6 9 10 11 12 13 14 15 17 20 23 24 
449 03/08/09 1 2 3 4 8 9 10 11 16 17 18 19 22 24 25 
450 06/08/09 4 5 6 7 9 11 14 16 17 18 21 22 23 24 25 
451 10/08/09 1 3 5 6 8 9 14 15 17 18 19 22 23 24 25 
452 13/08/09 1 6 7 8 9 10 11 12 14 17 18 19 20 24 25 
453 17/08/09 1 2 3 4 6 9 11 14 15 17 19 20 21 24 25 
454 20/08/09 3 4 6 7 11 12 13 14 15 17 19 20 22 24 25 
455 24/08/09 1 3 4 5 6 7 8 11 12 14 18 19 21 23 25 
456 27/08/09 1 3 4 9 10 11 12 13 14 17 18 21 23 24 25 
457 31/08/09 1 4 5 11 13 14 15 16 18 19 20 21 22 23 25 
458 03/09/09 2 3 4 5 6 7 8 9 11 13 15 16 18 20 22 
459 08/09/09 1 2 3 4 7 10 11 12 14 15 17 19 20 21 23 
460 10/09/09 1 3 4 6 9 10 11 12 14 15 16 17 19 22 23 
461 14/09/09 3 4 5 6 7 8 11 12 13 14 15 17 19 23 24 
462 17/09/09 1 2 3 5 7 8 12 14 16 17 18 21 22 23 24 
463 21/09/09 2 3 6 7 9 11 13 14 17 18 19 20 22 23 25 
464 24/09/09 1 2 5 8 10 11 16 17 19 20 21 22 23 24 25 
465 28/09/09 1 2 3 4 6 7 9 10 11 13 18 19 21 22 25 
466 01/10/09 2 6 7 8 10 11 12 14 17 18 19 20 21 22 25 
467 05/10/09 2 4 5 6 7 10 13 14 15 17 18 21 22 24 25 
468 08/10/09 2 3 5 6 9 10 12 13 15 17 18 21 22 24 25 
469 13/10/09 1 2 5 6 7 8 10 11 13 14 18 19 22 23 25 
470 15/10/09 1 3 4 5 6 7 8 10 11 13 15 18 20 22 23 
471 19/10/09 2 3 4 6 9 10 11 12 13 14 15 16 20 24 25 
472 22/10/09 1 2 4 5 6 7 8 11 12 13 14 15 17 18 20 
473 27/10/09 1 2 5 6 7 8 9 11 12 15 17 19 22 23 25 
474 29/10/09 1 2 3 5 9 10 11 12 15 16 17 18 21 23 24 
475 03/11/09 2 3 4 5 6 9 10 11 13 14 17 20 21 23 25 
476 05/11/09 1 5 6 7 9 10 11 13 14 15 16 17 19 24 25 
477 09/11/09 2 4 6 7 8 10 11 12 14 16 18 20 23 24 25 
478 12/11/09 2 3 5 7 9 10 11 12 13 16 18 22 23 24 25 
479 16/11/09 2 3 5 8 11 13 14 15 16 18 19 22 23 24 25 
480 19/11/09 4 5 6 7 8 9 11 12 15 17 18 19 22 24 25 
481 23/11/09 1 3 5 7 9 10 12 13 14 15 17 20 21 22 24 
482 26/11/09 2 6 7 8 9 10 12 15 16 17 19 21 22 23 25 
483 30/11/09 1 4 5 6 7 9 11 12 14 17 18 21 22 23 24 
484 03/12/09 1 4 6 8 9 10 11 13 14 16 17 20 21 23 25 
485 07/12/09 2 3 4 5 6 7 11 16 17 18 20 21 22 24 25 
486 10/12/09 1 2 3 4 5 7 9 11 13 15 18 19 20 21 22 
487 14/12/09 4 5 6 7 8 9 10 14 15 17 18 19 21 22 24 
488 17/12/09 5 6 7 8 11 12 13 14 15 17 18 20 22 24 25 
489 21/12/09 1 2 5 7 10 11 12 14 17 18 19 21 22 23 25 
490 24/12/09 3 5 6 8 10 11 12 13 14 16 17 18 21 22 23 
491 28/12/09 1 2 3 7 9 11 12 13 16 20 21 22 23 24 25 
492 31/12/09 1 2 3 4 6 8 11 12 14 15 18 19 21 24 25 
493 04/01/10 1 4 5 7 8 10 12 13 14 15 17 18 21 22 25 
494 07/01/10 2 3 4 5 7 8 12 13 15 16 18 19 20 21 22 
495 11/01/10 1 3 4 6 7 8 9 11 13 15 17 19 22 24 25 
496 14/01/10 3 4 5 7 9 11 13 14 15 16 17 19 21 22 24 
497 18/01/10 1 2 3 4 5 8 9 11 12 14 16 17 19 23 25 
498 21/01/10 1 2 4 5 6 11 13 14 15 16 18 20 22 23 25 
499 25/01/10 1 2 3 4 7 10 11 12 15 17 19 20 21 24 25 
500 28/01/10 2 3 5 6 8 9 10 13 14 16 18 20 21 23 25 
501 01/02/10 1 2 3 4 6 9 12 15 17 18 19 21 23 24 25 
502 04/02/10 1 2 3 4 5 6 8 10 11 13 16 18 19 23 24 
503 08/02/10 1 2 3 4 5 7 11 12 14 15 17 20 21 24 25 
504 11/02/10 1 6 9 10 12 13 14 15 16 17 18 19 20 21 23 
505 13/02/10 3 4 6 7 9 11 15 16 17 18 19 20 21 22 24 
506 18/02/10 4 5 6 9 11 12 13 15 16 17 19 20 21 22 24 
507 22/02/10 1 2 3 5 6 8 9 10 11 12 20 21 23 24 25 
508 25/02/10 2 3 5 6 7 8 9 14 15 16 18 19 23 24 25 
509 01/03/10 1 3 5 6 9 11 12 15 16 17 19 20 22 24 25 
510 04/03/10 1 2 3 4 6 7 10 11 12 13 20 21 22 23 25 
511 08/03/10 1 2 5 7 10 11 12 13 14 17 18 19 21 24 25 
512 12/03/10 1 2 4 5 6 7 8 9 10 12 13 15 16 21 24 
513 15/03/10 1 2 3 6 9 10 11 13 15 17 18 20 22 23 25 
514 18/03/10 1 5 6 7 8 9 11 12 15 17 18 21 22 24 25 
515 22/03/10 2 3 5 7 9 10 11 12 13 14 17 18 20 24 25 
516 25/03/10 2 4 5 6 7 8 11 12 13 14 18 20 21 23 24 
517 29/03/10 1 3 4 5 6 7 8 9 11 12 13 17 21 22 23 
518 01/04/10 4 5 6 7 10 11 12 13 14 16 17 19 20 22 24 
519 05/04/10 2 3 7 9 11 12 13 15 16 17 19 21 23 24 25 
520 08/04/10 2 4 5 6 9 10 12 14 15 18 19 20 22 23 24 
521 12/04/10 1 2 3 4 5 6 9 10 11 12 13 17 19 20 23 
522 15/04/10 2 4 6 7 9 11 16 17 18 19 21 22 23 24 25 
523 19/04/10 2 4 5 8 9 10 11 12 13 16 17 18 19 24 25 
524 22/04/10 2 3 5 6 7 10 11 12 14 17 20 21 22 23 24 
525 26/04/10 3 4 6 9 10 11 13 15 16 17 18 20 21 22 25 
526 29/04/10 1 2 4 7 8 9 10 11 12 14 15 16 19 24 25 
527 03/05/10 1 2 5 6 9 11 12 14 15 16 17 19 22 23 24 
528 06/05/10 2 3 4 6 7 8 10 11 12 15 19 21 23 24 25 
529 10/05/10 2 3 5 6 7 11 12 16 17 18 19 20 22 23 25 
530 13/05/10 3 4 6 7 8 9 10 11 12 14 16 18 21 22 23 
531 17/05/10 1 2 3 7 10 12 13 14 15 16 17 21 22 23 25 
532 20/05/10 1 2 4 5 6 7 9 11 12 13 15 16 19 22 24 
533 24/05/10 1 2 3 8 9 10 11 13 14 16 17 18 20 24 25 
534 27/05/10 1 2 3 5 7 8 11 12 13 15 18 19 21 22 24 
535 31/05/10 1 4 5 6 9 11 13 15 16 17 19 21 23 24 25 
536 04/06/10 3 4 5 7 9 11 15 16 17 19 20 22 23 24 25 
537 07/06/10 1 2 4 6 9 10 11 14 15 17 18 20 22 23 24 
538 10/06/10 2 5 6 10 11 12 13 16 17 18 19 20 21 24 25 
539 14/06/10 1 2 4 5 6 8 9 12 13 14 15 16 19 21 23 
540 17/06/10 2 6 7 8 9 11 12 13 15 16 18 19 20 22 24 
541 21/06/10 3 4 5 6 9 10 13 14 15 17 19 20 22 24 25 
542 24/06/10 1 2 3 4 5 8 9 10 13 16 17 18 20 22 24 
543 28/06/10 1 5 7 8 10 11 13 14 15 16 17 20 22 24 25 
544 01/07/10 2 4 5 7 8 9 11 13 14 15 18 19 21 23 24 
545 05/07/10 1 3 5 6 7 11 12 13 14 15 17 18 23 24 25 
546 08/07/10 2 3 4 5 8 9 10 11 12 13 17 18 19 21 23 
547 12/07/10 1 2 4 5 6 9 10 12 14 16 17 19 20 24 25 
548 15/07/10 1 2 3 4 5 6 7 8 9 13 14 17 20 23 25 
549 19/07/10 3 4 7 9 10 11 13 14 15 16 17 20 21 22 23 
550 22/07/10 1 5 6 7 9 10 11 13 14 16 17 18 20 21 22 
551 26/07/10 3 7 8 10 12 13 14 16 17 18 19 20 21 22 24 
552 29/07/10 1 3 4 5 6 8 10 12 13 17 20 22 23 24 25 
553 02/08/10 4 5 7 8 9 10 12 13 14 15 17 18 21 23 24 
554 05/08/10 1 2 3 4 6 9 13 14 17 19 20 21 22 24 25 
555 09/08/10 1 2 6 7 8 9 10 12 14 16 17 18 20 23 24 
556 12/08/10 1 4 8 9 11 13 14 16 17 18 20 22 23 24 25 
557 16/08/10 1 5 7 8 9 10 12 14 15 17 18 19 20 21 23 
558 19/08/10 1 3 4 5 7 10 12 14 17 18 20 21 22 24 25 
559 23/08/10 1 2 5 7 9 10 11 13 14 16 19 20 21 22 23 
560 26/08/10 1 2 4 9 10 12 14 17 18 19 20 21 23 24 25 
561 30/08/10 2 3 4 6 7 9 10 11 12 13 15 17 18 20 21 
562 02/09/10 1 2 3 5 7 8 13 14 16 18 19 20 21 22 24 
563 06/09/10 1 3 4 5 6 7 9 11 12 16 19 20 22 23 24 
564 09/09/10 1 2 3 4 7 9 12 14 15 17 19 20 21 23 24 
565 13/09/10 1 4 6 7 9 10 12 15 17 18 19 20 21 23 24 
566 16/09/10 1 3 4 5 7 9 10 11 14 15 16 17 19 20 21 
567 20/09/10 1 2 5 7 8 9 10 12 13 14 15 17 21 24 25 
568 23/09/10 1 2 4 5 6 7 8 9 13 15 16 17 18 20 21 
569 27/09/10 1 2 6 7 8 12 13 16 17 18 19 20 22 24 25 
570 30/09/10 1 2 3 4 5 10 12 14 15 18 19 20 21 22 23 
571 04/10/10 3 4 5 6 7 11 12 15 16 18 19 20 21 24 25 
572 07/10/10 2 5 6 8 9 10 13 14 15 16 17 19 21 22 24 
573 11/10/10 1 2 3 7 10 11 12 14 16 18 20 22 23 24 25 
574 14/10/10 1 5 6 11 12 13 14 16 18 19 20 21 22 23 25 
575 18/10/10 3 5 8 9 10 12 13 15 16 17 18 19 21 22 24 
576 21/10/10 6 8 9 10 11 12 13 15 16 17 18 19 21 23 25 
577 25/10/10 1 2 3 4 5 8 10 12 15 16 18 19 21 22 23 
578 28/10/10 1 4 6 7 8 10 12 13 14 15 16 19 21 22 23 
579 01/11/10 1 3 5 6 7 8 10 12 13 14 17 19 20 21 24 
580 04/11/10 1 4 6 7 8 9 10 12 13 14 16 17 21 24 25 
581 08/11/10 2 4 6 9 11 12 13 14 15 17 18 19 21 23 25 
582 11/11/10 3 7 8 9 10 11 12 13 15 17 18 19 21 23 25 
583 16/11/10 1 3 4 7 8 9 11 14 16 17 18 19 21 23 24 
584 18/11/10 2 3 5 6 7 8 10 11 14 15 19 20 21 22 23 
585 22/11/10 1 5 7 8 9 10 13 14 15 16 17 18 20 23 24 
586 25/11/10 2 3 4 6 7 8 11 12 16 17 18 19 22 24 25 
587 29/11/10 1 4 5 7 9 10 11 12 13 17 18 19 20 21 23 
588 02/12/10 1 4 5 7 11 12 13 14 17 18 19 20 23 24 25 
589 06/12/10 2 3 4 6 8 9 10 12 13 20 21 22 23 24 25 
590 09/12/10 1 3 4 6 9 10 11 13 14 15 16 18 19 20 21 
591 13/12/10 1 2 4 7 8 10 11 14 15 16 17 19 20 21 23 
592 16/12/10 1 3 5 6 8 9 10 14 15 16 17 18 19 20 22 
593 20/12/10 1 3 4 5 6 9 10 11 13 14 15 20 23 24 25 
594 23/12/10 2 3 6 7 9 10 11 13 14 15 16 18 20 23 25 
595 27/12/10 1 5 6 7 8 9 10 11 12 15 17 19 21 24 25 
596 30/12/10 2 3 7 8 9 10 11 12 17 18 19 20 22 23 25 
597 03/01/11 1 2 3 5 8 9 10 11 14 16 17 18 22 24 25 
598 06/01/11 1 3 4 5 7 11 12 14 15 18 19 20 21 22 25 
599 10/01/11 2 4 5 6 7 9 12 13 16 18 20 21 22 23 24 
600 13/01/11 1 3 5 6 8 9 10 11 16 17 18 19 22 23 25 
601 17/01/11 1 3 5 6 7 9 10 11 12 13 14 16 19 20 25 
602 20/01/11 1 2 5 6 7 8 9 10 11 12 13 18 22 23 25 
603 24/01/11 2 4 5 6 8 10 12 13 15 16 19 20 21 22 23 
604 27/01/11 1 2 6 7 9 12 13 14 15 18 19 20 22 24 25 
605 31/01/11 2 3 4 5 7 10 11 13 14 16 17 18 21 23 25 
606 03/02/11 2 3 6 7 8 10 12 14 15 16 18 22 23 24 25 
607 07/02/11 3 5 7 9 12 15 16 17 18 19 20 21 22 24 25 
608 10/02/11 1 2 3 5 7 8 10 13 14 16 17 18 19 23 25 
609 14/02/11 1 2 4 7 9 10 11 12 14 15 16 19 20 23 25 
610 17/02/11 1 2 4 6 7 8 10 12 13 14 15 16 21 22 25 
611 21/02/11 2 3 4 5 6 8 9 13 14 16 18 19 20 21 23 
612 24/02/11 1 2 3 6 7 9 10 13 15 16 17 18 19 23 25 
613 28/02/11 2 5 6 7 10 11 12 13 14 16 17 20 22 23 25 
614 03/03/11 1 5 6 7 9 11 12 13 16 17 18 19 20 22 23 
615 05/03/11 1 2 4 7 8 11 12 17 19 20 21 22 23 24 25 
616 10/03/11 1 2 6 9 10 12 15 16 17 18 19 21 22 24 25 
617 14/03/11 1 2 3 4 5 7 10 14 15 16 19 21 22 24 25 
618 17/03/11 1 2 4 5 6 7 9 12 13 17 19 20 21 22 24 
619 21/03/11 1 3 4 7 8 9 13 14 17 18 19 20 21 23 25 
620 24/03/11 1 5 6 7 10 11 12 14 15 16 18 19 20 21 22 
621 28/03/11 1 2 3 5 6 8 9 10 12 15 16 20 22 24 25 
622 31/03/11 2 3 4 5 6 7 9 10 11 12 13 15 17 18 21 
623 04/04/11 1 2 3 4 5 8 9 10 11 12 15 20 22 23 25 
624 07/04/11 1 2 4 5 6 7 9 11 12 16 17 18 20 21 24 
625 11/04/11 1 2 3 6 8 10 11 13 14 15 16 17 22 23 24 
626 14/04/11 1 2 3 4 5 7 8 9 11 13 17 19 21 23 24 
627 18/04/11 1 2 3 4 6 10 12 14 15 17 21 22 23 24 25 
628 20/04/11 2 3 4 7 8 9 10 11 13 15 18 19 22 23 25 
629 25/04/11 1 2 4 5 6 7 9 12 14 15 17 19 21 22 25 
630 28/04/11 1 2 4 6 7 12 13 14 17 18 20 22 23 24 25 
631 02/05/11 2 3 5 7 8 9 10 13 14 16 17 18 19 20 21 
632 05/05/11 1 4 6 8 10 11 13 14 16 17 20 21 22 24 25 
633 09/05/11 2 3 6 7 8 9 10 12 18 20 21 22 23 24 25 
634 12/05/11 2 3 4 5 9 10 11 12 14 15 18 19 20 21 22 
635 16/05/11 1 4 5 6 7 8 9 11 12 13 18 19 20 22 24 
636 19/05/11 1 2 3 4 6 10 12 13 14 16 19 20 21 23 25 
637 23/05/11 2 4 6 7 9 13 16 17 18 19 20 21 22 23 25 
638 26/05/11 1 2 3 4 9 11 13 14 16 18 19 21 23 24 25 
639 30/05/11 1 2 4 5 6 8 9 10 12 16 19 20 21 22 24 
640 02/06/11 1 3 4 5 9 11 13 14 16 18 19 20 21 22 23 
641 06/06/11 2 3 6 7 8 9 11 13 16 18 19 20 21 22 24 
642 09/06/11 1 2 4 5 8 10 11 12 13 18 19 20 21 22 25 
643 13/06/11 1 2 4 7 8 9 10 13 16 17 19 21 22 23 24 
644 16/06/11 2 3 5 6 7 8 9 12 13 14 15 18 21 22 24 
645 20/06/11 4 5 8 9 10 11 13 16 18 19 20 21 22 23 25 
646 24/06/11 1 3 5 6 9 10 14 15 17 18 19 20 21 23 25 
647 27/06/11 4 6 7 8 9 11 13 14 17 18 19 20 22 23 25 
648 30/06/11 2 4 6 8 9 10 11 13 15 16 18 19 20 21 22 
649 04/07/11 1 2 4 5 6 8 9 10 11 14 15 17 21 22 24 
650 07/07/11 1 3 7 8 10 13 14 16 17 19 20 21 23 24 25 
651 11/07/11 1 4 5 6 8 10 13 14 15 17 18 19 20 24 25 
652 14/07/11 2 5 7 9 10 11 13 14 16 17 18 19 20 21 23 
653 18/07/11 1 2 3 7 8 12 13 14 16 17 19 20 21 22 23 
654 21/07/11 1 2 3 7 12 13 14 16 17 18 19 20 22 23 25 
655 25/07/11 2 5 7 8 10 11 13 14 15 19 20 21 23 24 25 
656 28/07/11 2 3 5 7 8 9 11 13 14 15 18 20 22 23 25 
657 01/08/11 2 3 4 5 6 8 10 12 13 15 17 19 23 24 25 
658 04/08/11 1 4 5 6 7 9 10 11 14 15 17 21 23 24 25 
659 08/08/11 1 3 4 5 6 8 9 10 11 12 15 19 20 23 24 
660 11/08/11 3 4 5 6 7 8 9 12 14 15 16 17 19 24 25 
661 15/08/11 1 3 6 7 10 11 12 15 17 18 19 20 22 23 24 
662 18/08/11 1 2 3 6 7 8 9 11 13 14 15 16 19 20 22 
663 22/08/11 2 4 5 6 7 9 11 13 16 17 19 21 22 23 24 
664 25/08/11 1 3 4 7 10 13 14 15 16 17 18 20 21 23 24 
665 29/08/11 2 3 6 7 12 13 14 15 17 18 20 21 22 24 25 
666 01/09/11 1 2 4 6 7 11 12 14 15 16 18 20 21 24 25 
667 05/09/11 3 4 5 6 8 10 13 15 17 18 19 20 21 24 25 
668 08/09/11 1 2 7 9 10 11 12 13 15 16 17 20 23 24 25 
669 13/09/11 2 4 5 6 12 13 15 16 17 18 19 22 23 24 25 
670 15/09/11 1 7 8 10 12 13 14 15 17 18 20 21 22 23 25 
671 19/09/11 4 5 7 8 9 10 11 12 13 14 18 19 20 22 24 
672 22/09/11 1 2 4 6 9 10 11 12 15 17 19 21 23 24 25 
673 26/09/11 2 4 5 7 8 9 10 11 12 13 14 15 17 19 20 
674 29/09/11 2 3 8 10 11 14 15 16 18 19 20 22 23 24 25 
675 03/10/11 2 3 4 5 7 10 11 13 14 15 16 17 22 23 24 
676 06/10/11 2 4 5 6 8 10 12 13 15 16 19 20 21 24 25 
677 10/10/11 1 2 5 6 7 8 10 11 12 13 15 16 19 23 25 
678 13/10/11 2 3 5 7 9 10 12 15 18 19 20 21 23 24 25 
679 17/10/11 2 7 8 10 11 12 13 14 15 17 18 19 20 21 22 
680 20/10/11 3 4 6 7 8 9 12 13 14 16 18 19 20 21 22 
681 24/10/11 2 3 4 6 7 8 10 11 12 14 15 16 18 19 23 
682 27/10/11 1 2 4 5 6 7 8 11 14 17 18 19 22 24 25 
683 31/10/11 1 2 4 5 6 7 8 9 10 11 12 13 15 23 24 
684 03/11/11 1 4 5 8 10 11 12 13 14 16 20 21 22 24 25 
685 07/11/11 1 3 4 9 12 13 15 17 19 20 21 22 23 24 25 
686 10/11/11 1 3 4 6 7 10 12 13 16 19 20 22 23 24 25 
687 14/11/11 1 2 3 4 6 9 12 13 15 18 19 20 23 24 25 
688 17/11/11 1 2 3 4 7 9 11 12 14 16 19 21 22 23 24 
689 21/11/11 2 3 4 5 6 7 8 11 12 13 15 17 22 23 24 
690 24/11/11 1 2 3 9 10 11 12 13 14 15 18 19 20 24 25 
691 28/11/11 1 2 3 6 7 8 9 11 13 17 18 19 20 22 23 
692 01/12/11 1 2 4 6 7 10 11 12 17 18 19 21 22 23 24 
693 05/12/11 1 2 3 4 6 7 9 10 11 14 16 17 19 21 22 
694 08/12/11 1 3 6 8 9 10 11 14 15 16 18 19 20 21 24 
695 12/12/11 2 3 4 5 11 13 14 17 18 19 20 21 22 24 25 
696 15/12/11 1 4 5 7 9 10 11 13 14 15 16 20 21 22 24 
697 19/12/11 1 2 3 7 8 11 14 15 16 18 19 22 23 24 25 
698 22/12/11 2 3 4 6 7 9 10 12 14 15 18 20 21 22 24 
699 26/12/11 2 3 4 6 8 9 10 15 16 18 19 21 22 23 25 
700 29/12/11 1 2 6 7 8 9 10 13 14 16 18 19 21 22 25 
701 02/01/12 3 4 8 10 12 13 14 16 17 19 20 21 22 23 25 
702 05/01/12 1 2 3 4 5 6 7 8 9 10 13 14 20 23 25 
703 09/01/12 2 5 8 10 11 14 15 17 18 20 21 22 23 24 25 
704 12/01/12 2 3 5 6 8 10 11 13 14 15 16 17 22 23 24 
705 16/01/12 3 4 6 7 8 9 11 12 14 15 16 20 21 22 25 
706 19/01/12 1 2 3 4 6 8 12 13 16 18 19 21 22 24 25 
707 23/01/12 3 4 6 7 8 11 12 14 15 16 17 20 21 24 25 
708 26/01/12 1 2 3 4 5 6 9 11 14 16 19 21 22 24 25 
709 30/01/12 1 3 6 7 8 11 12 14 15 16 18 19 20 22 23 
710 02/02/12 2 3 4 6 12 14 15 17 18 19 20 21 22 24 25 
711 06/02/12 1 2 4 5 6 7 10 12 13 15 16 18 21 22 24 
712 08/02/12 1 4 8 9 12 14 15 16 17 18 20 21 22 23 25 
713 10/02/12 2 3 4 5 6 11 13 14 15 19 21 22 23 24 25 
714 13/02/12 4 6 7 8 9 10 11 12 13 14 15 17 19 21 22 
715 15/02/12 1 3 5 8 10 11 13 14 15 18 20 22 23 24 25 
716 17/02/12 1 3 5 7 8 11 12 14 15 16 18 20 21 23 25 
717 22/02/12 1 2 3 5 7 8 9 11 14 16 18 20 21 23 25 
718 24/02/12 3 4 7 9 11 13 14 15 17 19 21 22 23 24 25 
719 27/02/12 2 7 8 9 10 11 13 15 16 18 19 22 23 24 25 
720 01/03/12 4 7 9 10 11 12 13 16 17 18 20 21 23 24 25 
721 02/03/12 1 2 3 4 5 7 8 9 10 11 12 14 15 19 21 
722 05/03/12 1 3 5 6 7 8 10 13 14 16 17 19 20 23 24 
723 07/03/12 2 3 4 5 7 8 9 10 11 12 14 15 18 20 24 
724 09/03/12 1 3 5 6 7 10 12 14 15 18 19 20 23 24 25 
725 12/03/12 1 5 6 7 9 10 12 13 15 16 17 18 21 24 25 
726 14/03/12 1 2 4 7 9 10 11 13 14 15 16 20 21 24 25 
727 16/03/12 3 4 6 7 8 9 11 16 18 20 21 22 23 24 25 
728 19/03/12 3 4 6 7 8 10 11 13 16 19 20 21 22 23 25 
729 21/03/12 1 2 3 4 6 7 9 10 12 14 15 17 22 23 25 
730 23/03/12 1 3 4 8 11 12 14 16 18 19 20 21 22 24 25 
731 26/03/12 3 4 6 7 8 11 12 14 15 17 18 19 21 22 24 
732 28/03/12 1 4 8 9 10 11 13 14 17 20 21 22 23 24 25 
733 30/03/12 1 4 5 6 7 8 11 12 14 16 18 19 20 22 24 
734 02/04/12 2 3 6 8 9 10 13 15 17 18 19 20 21 23 24 
735 04/04/12 5 6 8 10 11 12 13 14 17 19 20 21 22 24 25 
736 07/04/12 2 3 4 5 6 8 9 10 13 15 16 17 19 21 23 
737 09/04/12 2 3 4 5 6 7 8 10 12 14 16 17 18 22 25 
738 11/04/12 2 6 7 9 11 12 13 14 16 18 19 20 23 24 25 
739 13/04/12 2 3 4 8 9 10 11 14 17 20 21 22 23 24 25 
740 16/04/12 1 4 5 9 10 11 12 13 14 19 21 22 23 24 25 
741 18/04/12 2 3 5 7 10 11 12 13 14 16 17 18 21 24 25 
742 20/04/12 1 3 5 6 7 8 9 11 13 14 15 19 20 21 23 
743 23/04/12 1 2 3 6 9 10 11 12 14 15 17 21 22 23 24 
744 25/04/12 1 3 4 6 7 9 10 11 12 13 15 16 19 23 24 
745 27/04/12 1 3 6 7 8 9 11 12 13 16 17 20 22 24 25 
746 30/04/12 2 3 4 5 8 9 10 16 17 18 19 20 21 24 25 
747 02/05/12 1 2 3 4 6 7 10 12 13 15 16 17 20 23 24 
748 04/05/12 1 3 4 5 6 8 9 10 12 15 17 18 20 21 23 
749 07/05/12 1 2 3 4 6 7 8 11 13 14 15 18 19 22 24 
750 09/05/12 2 3 4 5 7 9 10 11 13 15 19 20 21 24 25 
751 11/05/12 3 5 6 8 9 12 13 14 16 17 19 20 21 22 23 
752 14/05/12 1 4 5 6 7 8 12 13 14 16 18 19 21 24 25 
753 16/05/12 1 3 4 5 6 7 8 11 13 14 17 20 21 22 25 
754 18/05/12 1 4 5 7 13 15 16 17 18 19 20 22 23 24 25 
755 21/05/12 1 2 3 5 7 8 10 11 12 13 14 16 17 24 25 
756 23/05/12 3 5 6 7 8 10 13 14 15 16 17 20 22 23 25 
757 25/05/12 1 3 4 8 9 10 11 13 14 15 17 18 20 21 23 
758 28/05/12 1 2 4 5 6 11 12 15 16 17 18 20 23 24 25 
759 30/05/12 2 5 7 8 9 10 15 16 17 18 19 20 23 24 25 
760 01/06/12 1 2 3 7 9 10 11 12 13 15 16 17 23 24 25 
761 04/06/12 1 4 5 6 10 11 12 13 14 15 16 19 20 22 24 
762 06/06/12 1 2 3 5 6 7 9 10 11 12 13 14 17 21 22 
763 08/06/12 1 2 3 4 6 7 13 14 16 17 18 21 22 24 25 
764 11/06/12 1 3 4 6 8 9 11 12 14 16 17 19 23 24 25 
765 13/06/12 1 2 3 7 8 9 10 12 13 14 18 20 23 24 25 
766 15/06/12 1 3 5 6 7 9 12 13 14 15 16 18 21 24 25 
767 18/06/12 1 3 4 5 7 8 10 11 12 15 17 19 22 23 24 
768 20/06/12 1 3 5 6 11 12 13 14 15 17 19 20 23 24 25 
769 22/06/12 3 4 5 7 10 11 13 15 16 17 19 20 22 23 25 
770 25/06/12 1 3 4 5 6 9 11 12 16 17 18 21 22 24 25 
771 27/06/12 2 4 5 6 7 8 9 10 14 16 17 20 22 23 25 
772 29/06/12 2 4 6 7 8 9 10 11 12 15 16 20 23 24 25 
773 02/07/12 2 5 6 7 8 10 11 13 15 17 18 20 22 24 25 
774 04/07/12 1 3 4 5 6 8 9 11 12 14 15 18 19 22 25 
775 06/07/12 2 3 6 7 8 9 10 12 13 14 16 17 18 19 20 
776 09/07/12 1 2 3 4 10 11 12 13 14 18 19 20 22 23 24 
777 11/07/12 2 3 6 9 11 12 13 14 15 16 20 21 23 24 25 
778 13/07/12 2 5 6 7 9 10 11 13 15 16 19 20 22 24 25 
779 16/07/12 4 5 8 9 11 12 13 14 16 17 19 20 21 22 23 
780 18/07/12 3 6 7 8 10 13 15 16 17 18 19 20 21 24 25 
781 20/07/12 1 2 4 8 9 10 11 14 15 16 17 19 20 22 25 
782 23/07/12 5 8 9 10 11 12 13 14 15 16 17 18 19 20 21 
783 25/07/12 1 2 5 6 7 8 11 13 15 16 19 20 21 22 24 
784 27/07/12 1 2 3 4 7 11 12 13 15 18 20 21 22 23 25 
785 30/07/12 1 2 4 6 7 10 11 12 13 15 16 17 19 21 23 
786 01/08/12 2 4 5 6 8 10 11 12 13 15 17 21 23 24 25 
787 03/08/12 1 4 5 8 9 10 11 12 13 14 16 17 19 20 23 
788 06/08/12 1 3 4 8 9 10 11 12 16 19 21 22 23 24 25 
789 08/08/12 2 3 4 8 10 11 12 14 15 16 18 19 21 22 24 
790 10/08/12 3 6 7 8 10 12 13 16 18 19 20 22 23 24 25 
791 13/08/12 1 2 3 5 6 7 8 10 11 13 14 21 22 23 25 
792 15/08/12 1 2 3 6 8 9 10 12 14 18 19 20 21 23 25 
793 17/08/12 2 4 5 7 9 11 12 14 16 17 18 20 21 23 25 
794 20/08/12 1 2 3 4 5 6 8 9 11 14 15 20 23 24 25 
795 22/08/12 1 2 3 4 6 7 8 9 10 12 14 16 21 22 24 
796 24/08/12 2 3 4 6 7 8 10 11 14 16 17 18 20 21 24 
797 27/08/12 2 3 5 6 7 8 11 15 17 18 19 20 21 24 25 
798 29/08/12 1 3 5 6 8 10 11 13 15 16 18 19 22 23 24 
799 31/08/12 3 4 6 8 11 13 14 15 16 19 21 22 23 24 25 
800 06/09/12 3 4 6 7 8 9 10 11 12 13 16 20 21 22 24 
801 10/09/12 1 3 4 5 6 7 10 12 15 17 18 19 21 23 25 
802 12/09/12 1 3 4 5 8 9 10 12 13 14 18 20 21 22 25 
803 14/09/12 1 4 5 12 14 15 16 17 18 19 20 21 23 24 25 
804 17/09/12 1 3 4 5 6 7 8 13 15 17 18 20 21 23 24 
805 19/09/12 1 2 4 6 7 9 11 13 14 16 17 20 22 24 25 
806 21/09/12 1 2 3 5 6 7 8 10 14 15 16 19 20 24 25 
807 24/09/12 2 3 4 5 7 8 10 11 13 18 19 21 22 24 25 
808 26/09/12 4 6 7 10 11 12 14 16 17 18 20 21 22 24 25 
809 28/09/12 1 2 4 5 7 9 13 16 18 19 21 22 23 24 25 
810 01/10/12 1 3 6 7 9 11 12 15 16 17 18 21 22 23 24 
811 03/10/12 1 2 3 4 5 6 7 9 10 12 14 17 19 20 22 
812 05/10/12 1 3 5 7 8 11 14 17 18 19 20 21 23 24 25 
813 08/10/12 1 3 4 5 6 7 8 10 12 16 19 21 23 24 25 
814 10/10/12 3 4 8 10 11 12 13 14 17 19 20 21 22 23 24 
815 13/10/12 6 7 8 10 11 14 15 17 18 20 21 22 23 24 25 
816 15/10/12 2 3 5 8 9 10 11 12 13 15 16 17 19 23 25 
817 17/10/12 1 2 3 4 5 8 10 11 12 17 18 20 23 24 25 
818 19/10/12 4 5 6 8 10 11 13 14 16 19 20 22 23 24 25 
819 22/10/12 3 4 5 6 7 8 9 10 11 12 18 19 20 21 22 
820 24/10/12 1 2 3 5 6 7 8 9 10 13 15 16 22 23 24 
821 26/10/12 3 4 5 7 9 10 11 12 14 16 17 21 23 24 25 
822 29/10/12 2 3 5 11 12 14 15 16 17 18 19 21 22 23 24 
823 31/10/12 1 2 4 5 9 11 12 13 14 16 19 20 22 24 25 
824 03/11/12 2 3 4 7 11 12 13 14 15 19 20 21 22 24 25 
825 05/11/12 1 6 7 8 9 10 11 13 14 15 17 19 22 23 25 
826 07/11/12 3 5 6 12 13 14 15 16 17 18 19 20 21 23 24 
827 09/11/12 1 2 4 5 7 9 10 12 13 14 16 17 21 22 24 
828 12/11/12 1 6 7 8 9 12 14 15 17 19 20 22 23 24 25 
829 14/11/12 2 5 7 8 9 11 13 14 16 17 18 22 23 24 25 
830 16/11/12 1 4 6 9 10 11 12 13 14 16 17 19 21 23 24 
831 19/11/12 1 2 3 5 9 10 11 12 14 16 17 18 20 21 22 
832 21/11/12 2 5 6 7 8 10 11 12 15 16 19 22 23 24 25 
833 23/11/12 2 5 6 7 10 11 12 13 16 17 18 19 20 22 25 
834 26/11/12 2 4 7 8 9 10 11 14 16 18 19 20 21 22 23 
835 28/11/12 1 2 4 6 8 12 14 15 16 17 18 19 21 24 25 
836 30/11/12 2 4 7 8 9 10 12 14 15 16 18 20 21 22 25 
837 03/12/12 1 3 7 8 10 11 12 13 14 15 16 18 20 22 24 
838 05/12/12 2 4 5 7 9 10 11 14 15 16 18 20 21 23 24 
839 07/12/12 2 3 4 6 7 8 13 14 16 17 19 21 22 24 25 
840 10/12/12 2 4 6 9 11 12 13 17 18 19 20 21 22 23 25 
841 12/12/12 1 3 5 6 8 10 12 13 14 15 16 17 20 21 24 
842 14/12/12 3 4 5 7 10 11 13 14 15 18 19 20 21 22 24 
843 17/12/12 3 4 7 8 11 12 13 15 16 17 19 20 21 22 24 
844 19/12/12 1 3 5 7 8 9 10 12 15 16 17 19 22 24 25 
845 21/12/12 2 4 6 7 11 12 14 16 18 19 21 22 23 24 25 
846 24/12/12 1 4 6 9 10 11 13 14 15 19 20 21 23 24 25 
847 26/12/12 1 3 5 6 7 9 10 11 13 14 17 18 20 21 25 
848 28/12/12 2 3 5 8 9 13 14 16 17 18 19 21 23 24 25 
849 31/12/12 1 4 5 10 12 13 14 15 16 17 18 20 23 24 25 
850 02/01/13 2 3 5 7 8 10 13 14 18 19 20 21 22 23 24 
851 04/01/13 1 4 5 6 7 10 13 14 15 17 18 19 20 22 24 
852 07/01/13 1 2 3 4 5 8 11 12 16 18 20 21 23 24 25 
853 09/01/13 2 3 5 6 8 9 11 12 17 18 19 20 21 22 23 
854 11/01/13 1 2 3 5 8 9 10 13 14 15 17 18 20 21 22 
855 14/01/13 1 3 4 8 9 10 11 13 14 15 17 18 23 24 25 
856 16/01/13 2 3 7 8 9 11 12 13 15 16 19 20 22 23 25 
857 18/01/13 1 3 4 6 8 11 13 14 15 16 18 19 20 21 24 
858 21/01/13 1 3 4 5 6 8 9 11 12 17 19 20 22 23 25 
859 23/01/13 1 2 3 4 5 6 9 10 11 13 14 17 18 19 20 
860 25/01/13 3 4 5 6 7 9 10 13 14 15 16 19 22 24 25 
861 28/01/13 1 2 3 4 6 7 9 10 11 14 15 17 19 22 23 
862 30/01/13 1 2 3 4 5 10 13 14 15 17 18 19 20 23 24 
863 01/02/13 1 3 4 7 8 13 15 16 17 18 19 22 23 24 25 
864 04/02/13 3 6 8 10 12 13 15 16 17 18 19 21 22 23 24 
865 06/02/13 1 3 4 5 6 7 10 13 18 19 20 21 22 23 25 
866 08/02/13 1 2 3 5 7 8 9 10 11 13 14 18 20 23 24 
867 13/02/13 2 3 4 5 6 7 8 10 12 13 14 15 21 22 25 
868 15/02/13 1 2 3 8 9 10 12 13 14 16 17 19 21 22 24 
869 18/02/13 1 3 6 9 10 11 12 14 18 20 21 22 23 24 25 
870 20/02/13 1 2 4 5 6 7 8 10 12 13 14 16 17 18 23 
871 22/02/13 2 4 6 8 9 10 12 13 14 15 17 19 22 23 24 
872 25/02/13 1 2 4 5 6 7 9 10 12 13 14 17 18 22 23 
873 27/02/13 2 3 6 7 8 9 11 12 13 14 15 17 18 22 25 
874 01/03/13 1 2 4 5 6 7 8 9 10 16 19 20 21 23 25 
875 04/03/13 2 4 6 8 9 10 12 13 15 18 21 22 23 24 25 
876 06/03/13 3 5 6 7 9 12 13 14 16 18 20 21 23 24 25 
877 08/03/13 3 7 8 9 10 11 13 14 15 16 18 19 21 23 25 
878 11/03/13 1 2 3 5 6 7 10 12 13 14 16 19 22 23 25 
879 13/03/13 2 3 4 7 9 10 12 13 15 16 18 21 22 24 25 
880 15/03/13 2 5 6 7 8 10 14 16 18 19 21 22 23 24 25 
881 18/03/13 1 3 4 5 6 7 8 9 15 16 19 20 21 22 23 
882 20/03/13 1 2 7 8 10 11 12 13 14 17 18 19 22 24 25 
883 22/03/13 3 5 6 7 8 9 10 12 16 17 18 19 21 22 25 
884 25/03/13 1 4 7 8 9 10 12 13 15 17 18 19 20 21 25 
885 27/03/13 2 5 7 8 9 11 12 15 16 17 18 19 22 23 24 
886 30/03/13 1 3 4 7 8 10 11 12 13 15 16 17 20 21 23 
887 01/04/13 1 6 8 10 11 12 15 17 18 19 20 21 23 24 25 
888 03/04/13 1 3 6 11 12 13 14 16 17 18 19 20 21 22 24 
889 05/04/13 2 4 5 6 7 9 11 12 13 16 18 19 21 22 25 
890 08/04/13 1 2 3 4 5 6 7 8 11 16 17 18 19 23 24 
891 10/04/13 1 5 6 7 8 12 14 15 16 17 19 21 23 24 25 
892 12/04/13 1 2 3 5 6 10 13 14 16 17 19 20 21 22 24 
893 15/04/13 1 2 3 4 5 6 8 9 11 15 16 20 22 23 24 
894 17/04/13 1 2 5 6 9 12 13 14 15 18 19 21 22 24 25 
895 19/04/13 2 3 4 5 6 8 11 12 13 16 17 18 19 21 25 
896 22/04/13 1 2 3 4 6 7 8 12 13 15 17 18 19 20 23 
897 24/04/13 1 2 5 7 8 9 10 11 13 14 16 17 18 21 23 
898 26/04/13 1 4 6 8 9 10 11 12 13 14 18 20 21 24 25 
899 29/04/13 1 4 7 9 10 12 14 15 16 17 18 20 21 23 25 
900 03/05/13 1 2 6 7 8 10 11 12 13 15 18 20 22 24 25 
901 06/05/13 1 2 4 6 7 10 12 13 14 16 18 22 23 24 25 
902 08/05/13 1 2 3 4 5 6 8 9 11 17 20 21 23 24 25 
903 10/05/13 1 2 3 4 5 6 8 10 11 13 15 16 18 20 22 
904 13/05/13 1 5 6 7 9 10 12 13 16 17 18 19 20 22 24 
905 15/05/13 1 4 6 8 10 11 12 13 14 16 17 20 21 22 23 
906 17/05/13 1 2 3 5 6 7 8 9 10 12 17 18 21 22 24 
907 20/05/13 2 3 4 5 7 8 10 13 14 15 16 20 21 22 23 
908 22/05/13 1 2 4 6 7 9 10 12 13 15 17 18 23 24 25 
909 24/05/13 1 2 3 5 6 7 8 10 11 12 13 18 20 21 22 
910 27/05/13 3 4 5 6 8 9 11 13 16 17 18 19 20 24 25 
911 29/05/13 1 2 3 5 6 8 11 13 15 17 21 22 23 24 25 
912 31/05/13 2 3 4 7 10 14 15 16 17 18 19 20 21 22 23 
913 03/06/13 3 4 5 6 10 12 13 15 17 18 19 20 22 24 25 
914 05/06/13 1 3 4 5 6 10 11 12 15 17 18 20 22 23 24 
915 07/06/13 1 2 4 5 6 8 10 11 13 18 20 22 23 24 25 
916 10/06/13 1 2 3 4 5 6 7 11 13 14 17 18 19 23 24 
917 12/06/13 1 2 3 4 5 6 11 13 14 17 19 20 21 22 24 
918 14/06/13 1 2 3 4 6 8 9 13 14 15 16 17 21 22 23 
919 17/06/13 1 2 3 4 5 7 9 10 11 13 14 17 19 21 22 
920 19/06/13 1 2 3 4 5 6 10 12 13 15 16 19 20 22 23 
921 21/06/13 1 2 3 4 7 9 12 15 16 17 18 19 21 24 25 
922 24/06/13 2 4 5 6 8 9 12 15 16 17 20 21 22 23 24 
923 26/06/13 1 3 4 5 6 7 10 12 14 15 19 20 22 24 25 
924 28/06/13 1 2 6 7 8 9 10 12 14 16 17 18 19 20 24 
925 01/07/13 1 3 4 6 7 9 12 13 14 15 16 22 23 24 25 
926 03/07/13 1 5 6 7 8 9 10 11 12 13 14 15 19 21 24 
927 05/07/13 2 3 5 6 9 11 13 14 16 17 20 21 22 23 25 
928 08/07/13 1 4 6 8 9 10 11 12 14 15 17 19 23 24 25 
929 10/07/13 1 2 4 5 7 8 9 10 11 14 18 20 21 23 25 
930 12/07/13 2 3 5 6 9 11 12 14 15 16 20 22 23 24 25 
931 15/07/13 2 3 5 6 8 10 11 12 14 16 19 20 22 24 25 
932 17/07/13 1 4 5 8 12 13 14 15 16 18 20 21 22 23 25 
933 19/07/13 2 3 4 5 6 7 10 11 14 15 16 17 19 23 24 
934 22/07/13 2 3 4 8 9 10 11 14 19 20 21 22 23 24 25 
935 24/07/13 1 2 3 4 5 6 7 9 10 12 14 18 19 22 23 
936 26/07/13 1 2 3 4 6 7 8 13 15 17 18 19 20 23 25 
937 29/07/13 1 2 6 9 10 11 12 13 14 16 19 20 23 24 25 
938 31/07/13 2 3 4 6 7 10 11 13 15 16 17 18 19 20 25 
939 02/08/13 1 4 5 6 7 9 10 11 15 16 18 19 20 21 25 
940 05/08/13 2 3 4 6 7 9 13 14 16 17 18 19 20 24 25 
941 07/08/13 1 2 3 4 5 7 8 9 10 11 15 16 18 23 25 
942 09/08/13 1 3 4 5 6 7 11 12 13 18 19 20 21 22 24 
943 12/08/13 3 4 5 6 9 10 12 13 14 15 17 18 21 22 23 
944 14/08/13 1 8 9 10 11 12 13 14 16 17 18 19 21 24 25 
945 16/08/13 2 3 4 5 6 9 11 13 18 19 20 21 23 24 25 
946 19/08/13 1 7 8 9 10 14 16 17 18 19 20 21 22 24 25 
947 21/08/13 1 2 3 5 7 9 10 11 12 15 16 18 20 22 24 
948 23/08/13 1 2 5 6 8 9 11 13 16 17 18 19 21 22 24 
949 26/08/13 1 6 7 8 9 10 11 12 13 14 15 16 17 21 23 
950 28/08/13 2 4 5 7 8 9 12 13 14 17 18 19 20 21 25 
951 30/08/13 3 7 8 9 10 13 14 15 17 19 20 21 22 23 25 
952 07/09/13 1 3 4 6 8 11 12 14 17 18 19 21 22 23 25 
953 09/09/13 1 2 5 6 7 9 10 12 13 14 15 16 18 21 24 
954 11/09/13 3 5 6 8 10 11 12 13 14 16 18 20 23 24 25 
955 13/09/13 1 2 4 5 7 9 10 11 12 13 14 16 18 21 24 
956 16/09/13 2 3 4 5 6 8 11 12 13 16 17 18 19 21 22 
957 18/09/13 1 3 4 5 6 7 8 13 15 16 21 22 23 24 25 
958 20/09/13 1 4 5 6 9 12 13 14 16 17 19 20 21 22 24 
959 23/09/13 2 5 6 9 11 12 14 16 19 20 21 22 23 24 25 
960 25/09/13 1 2 3 4 6 7 10 12 14 16 17 18 20 21 24 
961 27/09/13 1 2 3 4 5 7 9 11 12 15 18 20 21 22 25 
962 30/09/13 1 4 6 8 9 11 13 14 15 17 20 21 22 23 25 
963 02/10/13 3 4 6 7 9 10 11 14 15 16 17 18 19 23 24 
964 04/10/13 1 2 3 4 7 9 10 11 15 17 18 19 20 21 23 
965 07/10/13 3 4 8 9 10 11 13 14 15 16 18 19 21 22 24 
966 09/10/13 2 3 4 5 6 7 8 10 11 12 17 19 21 22 25 
967 11/10/13 2 3 4 6 8 9 10 11 16 17 20 21 22 23 25 
968 14/10/13 2 3 4 5 7 9 11 13 14 16 18 19 20 21 25 
969 16/10/13 1 3 4 5 9 10 11 12 16 17 18 19 20 22 24 
970 18/10/13 1 3 6 8 9 10 12 15 17 18 19 20 21 23 24 
971 21/10/13 3 4 5 6 7 9 10 11 18 20 21 22 23 24 25 
972 23/10/13 1 3 6 8 11 13 14 15 16 20 21 22 23 24 25 
973 25/10/13 1 2 3 5 6 8 11 14 15 18 20 21 22 24 25 
974 28/10/13 1 4 6 7 8 9 10 12 14 15 17 19 21 22 24 
975 30/10/13 1 2 4 6 7 10 11 12 13 14 16 17 19 20 24 
976 01/11/13 1 2 3 4 6 7 10 11 13 14 19 21 23 24 25 
977 04/11/13 1 2 6 7 8 10 11 13 14 17 18 20 22 23 24 
978 06/11/13 3 4 5 6 7 8 9 11 12 13 14 15 16 18 25 
979 08/11/13 2 5 6 7 8 9 10 14 16 19 21 22 23 24 25 
980 11/11/13 1 2 6 7 8 9 10 11 12 13 17 20 21 22 24 
981 13/11/13 1 2 3 4 6 8 9 12 16 18 19 21 22 24 25 
982 16/11/13 1 3 4 5 6 7 9 13 14 17 18 20 21 23 24 
983 18/11/13 2 4 5 6 7 8 10 11 14 15 16 18 19 21 25 
984 20/11/13 2 4 8 9 10 11 12 13 15 20 21 22 23 24 25 
985 22/11/13 3 4 6 7 9 12 13 14 17 18 21 22 23 24 25 
986 25/11/13 1 2 5 7 11 13 14 15 16 18 20 21 22 23 24 
987 27/11/13 2 4 5 6 7 9 11 12 13 15 18 19 20 22 23 
988 29/11/13 1 3 5 7 9 11 12 13 15 16 17 19 20 24 25 
989 02/12/13 3 4 6 8 9 10 13 14 15 17 18 19 22 23 24 
990 04/12/13 1 5 6 7 8 10 11 12 13 15 16 19 20 22 24 
991 06/12/13 1 2 5 6 7 9 12 14 15 17 18 21 22 24 25 
992 09/12/13 1 3 4 5 7 8 9 10 11 13 15 17 19 20 24 
993 11/12/13 2 4 5 7 9 10 12 14 17 20 21 22 23 24 25 
994 13/12/13 3 5 7 8 9 11 12 13 14 15 16 18 22 23 25 
995 16/12/13 1 2 3 4 7 8 9 12 13 14 17 20 22 23 24 
996 18/12/13 2 3 4 6 7 9 13 16 17 18 20 21 23 24 25 
997 20/12/13 2 4 5 7 9 10 12 15 16 17 18 19 22 23 24 
998 23/12/13 1 2 3 4 5 9 11 12 14 17 19 20 21 22 23 
999 27/12/13 1 2 5 6 7 8 10 12 13 14 15 16 18 21 24 
1000 30/12/13 2 3 4 8 11 12 13 14 15 16 17 18 19 20 22 
1001 03/01/14 5 6 7 8 10 11 12 13 14 17 19 20 21 23 25 
1002 06/01/14 3 4 8 10 12 13 14 15 16 17 18 20 21 22 24 
1003 09/01/14 1 2 3 6 8 10 12 14 16 17 19 20 21 23 25 
1004 10/01/14 1 2 3 6 10 12 14 15 18 19 20 21 22 24 25 
1005 13/01/14 1 5 7 9 10 12 14 15 16 18 19 20 21 22 24 
1006 15/01/14 1 3 4 5 6 7 9 13 14 15 16 20 22 23 24 
1007 17/01/14 1 2 3 6 7 9 10 11 12 18 20 22 23 24 25 
1008 20/01/14 1 3 6 7 8 9 10 12 13 16 17 18 19 21 22 
1009 22/01/14 2 4 6 9 10 11 12 14 15 17 18 19 20 22 24 
1010 24/01/14 1 2 4 6 8 10 11 13 14 15 16 19 21 22 23 
1011 27/01/14 1 3 4 5 7 9 10 13 15 17 18 19 23 24 25 
1012 29/01/14 1 2 7 9 11 12 14 15 16 17 18 21 22 24 25 
1013 31/01/14 1 2 3 4 5 7 10 11 13 17 18 19 20 21 23 
1014 03/02/14 1 2 8 9 10 12 13 14 17 18 20 22 23 24 25 
1015 05/02/14 1 2 3 5 6 7 8 13 15 16 17 18 20 21 23 
1016 07/02/14 1 2 3 5 6 11 12 14 15 16 19 20 21 23 25 
1017 10/02/14 1 2 3 4 8 9 10 11 12 15 16 17 19 21 23 
1018 12/02/14 2 4 5 7 8 10 11 12 14 16 17 18 19 22 24 
1019 14/02/14 1 2 3 4 5 7 8 10 12 17 18 20 21 22 23 
1020 17/02/14 2 3 5 7 9 11 12 13 15 16 18 19 20 21 24 
1021 19/02/14 1 5 6 9 10 13 14 15 16 18 19 20 21 22 23 
1022 21/02/14 1 3 4 5 7 8 9 10 14 16 18 21 22 24 25 
1023 24/02/14 1 2 3 6 7 8 9 11 13 14 16 18 21 22 23 
1024 26/02/14 1 2 4 7 9 10 11 12 13 14 17 20 21 22 23 
1025 28/02/14 1 2 7 9 11 13 14 15 16 17 18 19 22 23 25 
1026 05/03/14 1 5 6 7 11 12 14 15 16 18 19 20 21 23 24 
1027 07/03/14 1 3 5 6 8 9 10 12 14 15 16 19 21 23 25 
1028 10/03/14 4 5 6 7 8 9 10 11 16 17 19 20 23 24 25 
1029 12/03/14 1 2 3 6 8 11 13 14 17 18 19 22 23 24 25 
1030 14/03/14 1 2 3 4 8 9 10 11 15 16 17 18 19 20 23 
1031 17/03/14 1 2 4 5 6 9 11 12 14 15 17 19 20 22 24 
1032 19/03/14 1 2 3 4 6 8 10 11 13 14 16 17 18 20 23 
1033 21/03/14 3 4 6 7 8 12 13 14 16 17 18 21 22 23 24 
1034 24/03/14 2 3 4 6 8 10 12 13 14 17 18 19 20 21 23 
1035 26/03/14 4 6 7 9 12 13 14 15 18 19 20 21 22 23 25 
1036 28/03/14 4 5 7 9 10 11 12 14 17 18 19 20 21 22 24 
1037 31/03/14 1 5 6 9 10 11 12 15 17 18 20 21 23 24 25 
1038 02/04/14 2 6 7 8 9 10 13 16 17 18 19 20 21 24 25 
1039 04/04/14 1 2 3 8 9 12 13 14 15 18 19 20 21 22 24 
1040 07/04/14 1 2 4 6 8 9 10 12 13 16 20 21 22 23 25 
1041 09/04/14 1 3 5 7 10 12 13 15 17 19 20 21 23 24 25 
1042 11/04/14 1 3 6 7 8 9 10 11 14 15 16 19 21 22 24 
1043 14/04/14 1 2 6 7 8 9 10 11 12 14 17 18 19 24 25 
1044 16/04/14 2 4 5 6 7 8 10 11 12 15 17 20 23 24 25 
1045 19/04/14 2 3 5 6 9 11 15 16 17 20 21 22 23 24 25 
1046 23/04/14 3 4 5 7 8 11 12 13 14 18 20 21 22 23 25 
1047 25/04/14 4 7 8 9 10 11 12 15 16 17 20 21 22 24 25 
1048 28/04/14 1 2 3 5 6 7 9 10 15 16 17 18 20 21 25 
1049 30/04/14 2 4 5 9 12 14 16 17 18 19 20 21 22 23 25 
1050 02/05/14 1 4 6 7 10 12 13 15 16 17 19 21 22 24 25 
1051 05/05/14 2 3 4 7 8 10 11 13 14 16 18 20 21 23 25 
1052 07/05/14 1 3 4 5 6 8 10 11 16 17 18 20 21 23 24 
1053 09/05/14 1 2 3 4 6 11 12 13 14 15 17 18 22 23 24 
1054 12/05/14 2 3 4 5 6 9 12 13 15 16 17 18 20 24 25 
1055 14/05/14 1 2 3 7 8 9 10 12 13 14 18 22 23 24 25 
1056 16/05/14 2 4 5 6 8 9 10 11 14 15 18 19 21 22 23 
1057 19/05/14 1 4 6 7 8 9 11 13 14 16 19 20 21 23 25 
1058 21/05/14 4 5 6 7 9 12 13 16 17 18 20 21 22 24 25 
1059 23/05/14 1 2 3 5 7 8 11 14 15 16 19 20 21 22 24 
1060 26/05/14 1 2 4 5 7 8 13 14 15 16 17 20 21 22 23 
1061 28/05/14 2 3 5 7 8 9 12 14 15 16 19 21 22 23 24 
1062 30/05/14 3 4 5 7 8 9 11 13 15 16 17 19 20 23 25 
1063 02/06/14 2 5 6 7 10 12 13 14 15 16 20 21 22 24 25 
1064 04/06/14 2 3 7 8 9 10 11 14 15 16 18 19 21 24 25 
1065 06/06/14 2 3 4 5 6 12 14 15 17 19 20 21 22 24 25 
1066 09/06/14 2 4 5 6 10 11 14 16 17 18 19 21 22 23 24 
1067 11/06/14 1 2 3 4 5 7 10 11 13 14 15 17 21 22 25 
1068 13/06/14 2 6 7 10 11 13 14 15 16 17 18 20 21 22 24 
1069 16/06/14 1 3 4 8 10 11 12 13 15 16 17 22 23 24 25 
1070 18/06/14 4 9 10 11 12 13 16 18 19 20 21 22 23 24 25 
1071 20/06/14 2 3 4 5 6 10 11 12 13 14 16 17 21 22 24 
1072 23/06/14 1 2 3 4 5 7 9 13 14 15 17 20 22 23 25 
1073 25/06/14 1 3 4 5 6 7 13 16 17 19 20 21 22 23 24 
1074 27/06/14 1 4 7 8 9 10 11 13 17 20 21 22 23 24 25 
1075 30/06/14 1 2 6 9 10 12 15 16 17 18 21 22 23 24 25 
1076 02/07/14 4 9 10 11 12 13 14 15 16 17 18 20 21 22 25 
1077 04/07/14 1 2 5 6 7 8 10 12 13 14 15 19 20 21 24 
1078 07/07/14 2 4 5 6 7 9 10 11 13 17 18 21 23 24 25 
1079 09/07/14 5 6 7 8 11 13 14 15 16 17 19 20 21 22 24 
1080 11/07/14 2 3 5 6 10 11 12 14 15 16 17 21 22 23 25 
1081 14/07/14 1 5 6 7 10 12 13 14 15 16 18 19 21 22 23 
1082 16/07/14 3 7 9 10 11 13 15 16 17 18 19 21 22 23 24 
1083 18/07/14 1 2 3 4 6 11 13 16 17 18 20 21 22 23 24 
1084 21/07/14 1 2 3 4 5 6 7 9 10 13 17 18 21 24 25 
1085 23/07/14 3 6 7 8 9 10 14 16 18 19 21 22 23 24 25 
1086 25/07/14 2 4 5 7 10 12 13 15 17 18 19 21 22 23 24 
1087 28/07/14 2 3 4 6 9 12 13 16 17 18 19 20 21 23 24 
1088 30/07/14 1 2 3 5 6 7 9 10 12 13 18 19 20 22 23 
1089 01/08/14 2 3 4 6 8 12 13 14 15 16 19 21 22 23 24 
1090 04/08/14 3 5 8 9 10 11 13 14 15 17 18 20 21 22 24 
1091 06/08/14 2 4 5 6 7 9 10 12 13 14 16 20 23 24 25 
1092 08/08/14 4 5 8 9 11 12 13 14 15 18 19 20 22 24 25 
1093 11/08/14 1 2 4 5 6 9 10 11 13 18 21 22 23 24 25 
1094 13/08/14 1 2 3 4 5 6 8 9 10 12 14 16 19 22 25 
1095 15/08/14 2 3 5 6 7 9 15 16 17 18 21 22 23 24 25 
1096 18/08/14 1 2 4 7 8 10 12 13 14 15 20 21 22 23 25 
1097 20/08/14 4 5 6 9 10 12 14 15 16 18 19 20 23 24 25 
1098 22/08/14 3 4 5 7 8 10 11 12 14 15 16 18 23 24 25 
1099 25/08/14 2 3 6 7 8 11 12 13 14 16 21 22 23 24 25 
1100 27/08/14 5 6 7 9 10 11 12 14 15 16 18 19 20 23 24 
1101 29/08/14 1 2 3 6 9 10 11 13 15 17 18 19 23 24 25 
1102 07/09/14 2 3 5 6 8 12 14 15 18 19 20 21 22 23 24 
1103 08/09/14 2 4 5 7 9 10 11 12 14 16 18 20 21 22 25 
1104 10/09/14 2 5 6 8 9 11 13 14 15 16 18 19 21 22 23 
1105 12/09/14 1 2 4 6 7 9 11 13 15 17 18 20 23 24 25 
1106 15/09/14 2 3 4 9 10 11 12 13 14 15 16 19 21 23 24 
1107 17/09/14 1 2 4 8 9 10 11 12 14 16 18 19 20 21 24 
1108 19/09/14 1 2 4 5 7 8 9 12 13 14 17 21 22 24 25 
1109 22/09/14 1 4 5 6 7 8 9 10 11 17 18 19 20 21 25 
1110 24/09/14 1 2 3 4 6 9 10 15 17 18 19 20 22 24 25 
1111 26/09/14 2 3 4 6 9 11 12 13 14 15 16 22 23 24 25 
1112 29/09/14 1 2 3 6 7 8 12 13 15 16 17 18 20 22 24 
1113 01/10/14 1 3 6 7 9 12 13 14 15 17 19 20 22 24 25 
1114 03/10/14 1 2 3 4 5 6 8 10 11 12 15 18 19 20 22 
1115 06/10/14 2 3 7 8 9 10 11 12 17 18 20 22 23 24 25 
1116 08/10/14 1 2 3 4 5 6 9 12 15 17 18 21 22 24 25 
1117 10/10/14 1 2 3 5 7 8 11 12 13 14 15 16 19 21 23 
1118 13/10/14 1 2 5 6 8 10 11 13 14 15 20 21 23 24 25 
1119 15/10/14 1 2 3 5 6 7 8 10 12 14 15 17 18 20 23 
1120 17/10/14 2 4 5 6 8 9 10 12 13 14 16 17 18 19 24 
1121 20/10/14 1 2 4 5 6 8 9 11 12 17 18 20 22 23 25 
1122 22/10/14 2 3 7 10 11 12 13 14 16 19 20 21 23 24 25 
1123 24/10/14 2 4 6 7 8 10 11 13 15 16 17 19 22 23 24 
1124 27/10/14 1 3 4 5 6 8 10 12 13 15 19 21 22 24 25 
1125 29/10/14 1 3 4 6 9 11 12 13 15 16 17 18 21 22 25 
1126 31/10/14 3 5 6 7 8 12 13 16 17 18 19 22 23 24 25 
1127 03/11/14 1 3 4 6 8 9 11 13 14 15 16 17 22 23 24 
1128 05/11/14 1 2 3 4 6 7 10 11 12 14 16 17 20 24 25 
1129 07/11/14 2 3 4 5 7 8 12 13 16 17 18 19 21 22 23 
1130 10/11/14 1 2 5 8 10 11 12 13 14 15 17 20 22 24 25 
1131 12/11/14 2 3 4 6 12 14 15 16 17 19 20 21 22 24 25 
1132 14/11/14 1 2 6 7 8 9 11 12 13 14 17 21 22 23 24 
1133 17/11/14 2 4 5 6 7 8 9 10 12 13 14 16 18 24 25 
1134 19/11/14 1 2 4 8 10 11 12 13 14 15 17 18 20 23 25 
1135 21/11/14 3 4 5 8 9 10 12 15 16 17 18 19 23 24 25 
1136 24/11/14 1 2 5 6 7 9 10 11 15 17 18 19 21 22 24 
1137 26/11/14 2 4 5 7 8 9 10 11 12 15 19 20 21 23 25 
1138 28/11/14 1 2 3 5 6 7 10 11 13 15 16 18 20 21 22 
1139 01/12/14 1 2 3 6 11 13 14 15 16 17 18 19 21 22 25 
1140 03/12/14 3 4 5 6 7 8 10 15 18 19 20 21 23 24 25 
1141 05/12/14 5 6 9 10 11 12 13 15 16 17 18 22 23 24 25 
1142 08/12/14 2 4 7 8 9 10 12 13 15 16 19 20 22 23 24 
1143 10/12/14 1 3 4 6 10 11 12 13 14 16 17 18 23 24 25 
1144 12/12/14 2 3 4 6 7 8 10 13 14 17 18 19 23 24 25 
1145 15/12/14 3 4 5 6 8 9 11 13 14 15 16 17 18 23 24 
1146 17/12/14 2 3 4 5 7 11 13 15 17 18 19 21 22 24 25 
1147 19/12/14 1 6 7 8 9 11 12 14 15 16 18 19 20 22 25 
1148 22/12/14 1 3 4 5 6 9 10 13 14 16 17 18 19 20 24 
1149 24/12/14 1 2 3 6 7 8 10 12 15 17 18 19 21 22 23 
1150 26/12/14 5 7 8 9 11 12 13 14 15 17 18 20 22 23 24 
1151 29/12/14 1 3 7 9 10 11 12 14 15 16 20 21 22 24 25 
1152 31/12/14 3 4 5 7 8 9 10 12 16 18 19 20 21 22 25 
1153 02/01/15 1 2 3 5 6 8 9 12 13 15 18 19 20 24 25 
1154 05/01/15 1 3 4 5 10 11 13 15 16 17 19 21 23 24 25 
1155 07/01/15 1 2 3 4 8 9 12 13 15 16 18 19 22 24 25 
1156 09/01/15 1 3 4 6 7 11 12 13 14 15 17 21 22 24 25 
1157 12/01/15 2 4 5 6 7 8 11 12 13 15 16 18 21 22 24 
1158 14/01/15 2 3 5 7 10 13 14 15 16 17 19 20 22 24 25 
1159 16/01/15 1 2 3 4 6 8 9 14 15 16 17 22 23 24 25 
1160 19/01/15 2 4 5 6 7 8 10 11 15 16 17 18 21 22 25 
1161 21/01/15 1 2 4 5 6 8 10 11 15 17 18 19 22 24 25 
1162 23/01/15 1 3 4 7 9 11 13 15 18 19 20 21 23 24 25 
1163 26/01/15 2 6 7 9 11 12 13 14 16 17 19 20 21 23 24 
1164 28/01/15 3 4 5 8 10 11 13 15 17 20 21 22 23 24 25 
1165 30/01/15 1 2 3 5 8 9 10 12 15 17 18 19 21 22 25 
1166 02/02/15 2 4 5 6 9 10 12 14 15 17 18 19 20 21 24 
1167 04/02/15 1 2 4 5 7 8 9 11 12 14 15 16 18 21 23 
1168 06/02/15 1 3 4 5 7 8 9 10 11 13 16 19 23 24 25 
1169 09/02/15 2 3 4 7 8 9 12 15 16 17 18 21 22 24 25 
1170 11/02/15 1 2 4 7 8 10 13 15 16 18 19 20 21 22 25 
1171 13/02/15 1 7 8 11 12 13 14 15 16 17 18 20 21 22 23 
1172 18/02/15 2 6 8 9 10 11 12 13 14 16 19 20 23 24 25 
1173 20/02/15 1 2 4 5 7 8 9 11 14 16 18 19 20 21 22 
1174 23/02/15 1 2 3 5 6 8 9 10 11 13 15 17 18 19 23 
1175 25/02/15 1 3 4 8 10 12 13 14 15 19 20 21 23 24 25 
1176 27/02/15 2 3 5 7 10 11 12 13 15 16 18 19 20 23 25 
1177 02/03/15 2 3 5 6 8 9 10 11 12 16 17 20 22 23 25 
1178 04/03/15 1 4 7 8 9 11 12 16 17 18 19 20 21 23 24 
1179 06/03/15 1 2 3 5 6 7 8 9 13 15 18 19 20 21 25 
1180 09/03/15 1 2 6 7 8 9 10 11 13 14 15 19 20 22 23 
1181 11/03/15 3 4 5 6 7 8 9 11 13 14 20 21 22 23 24 
1182 13/03/15 3 6 7 8 10 12 13 16 18 19 20 21 22 24 25 
1183 16/03/15 1 3 4 9 11 13 14 15 16 18 19 20 22 24 25 
1184 18/03/15 2 4 6 7 10 11 12 14 16 17 18 19 20 21 25 
1185 20/03/15 3 5 6 7 9 13 14 16 18 19 21 22 23 24 25 
1186 23/03/15 1 2 4 5 6 9 11 14 15 16 18 20 22 23 24 
1187 25/03/15 1 2 4 7 8 10 11 12 14 16 19 21 22 23 25 
1188 27/03/15 1 2 4 5 6 8 10 12 13 14 18 20 22 23 24 
1189 30/03/15 3 4 5 8 9 12 13 14 15 17 18 19 20 21 25 
1190 01/04/15 2 3 4 6 9 10 11 14 15 16 17 21 22 23 25 
1191 04/04/15 1 2 3 5 7 10 12 13 14 16 17 18 22 24 25 
1192 06/04/15 1 2 3 4 5 6 9 11 12 13 15 16 19 20 21 
1193 08/04/15 1 4 7 8 9 10 13 14 15 18 19 20 22 23 25 
1194 10/04/15 2 4 8 9 10 12 15 16 17 18 19 22 23 24 25 
1195 13/04/15 1 5 6 9 10 11 12 14 15 17 18 19 20 22 25 
1196 15/04/15 1 2 4 6 7 8 9 11 12 16 17 18 19 20 23 
1197 17/04/15 1 4 5 6 7 8 11 13 14 16 17 18 20 24 25 
1198 20/04/15 1 3 4 6 7 9 10 11 15 17 20 21 22 23 25 
1199 22/04/15 1 2 3 4 5 6 10 14 15 16 19 21 22 24 25 
1200 24/04/15 3 4 5 6 7 8 10 11 12 14 15 16 22 24 25 
1201 27/04/15 5 6 9 10 11 14 16 18 19 20 21 22 23 24 25 
1202 29/04/15 2 3 4 8 10 13 14 16 17 18 19 20 23 24 25 
1203 02/05/15 1 2 3 5 6 11 12 13 14 15 17 22 23 24 25 
1204 04/05/15 1 2 5 7 8 9 12 13 15 16 19 20 21 22 23 
1205 06/05/15 1 3 6 8 9 11 12 14 17 18 20 21 22 24 25 
1206 08/05/15 1 3 5 7 10 11 13 14 15 18 21 22 23 24 25 
1207 11/05/15 1 3 4 7 9 10 11 12 13 14 15 18 19 21 24 
1208 13/05/15 1 2 3 4 5 10 11 14 15 18 19 20 22 24 25 
1209 15/05/15 3 4 5 7 8 9 10 11 14 15 16 18 19 20 24 
1210 18/05/15 1 2 4 8 10 11 13 15 16 18 19 20 21 22 25 
1211 20/05/15 1 2 3 5 7 10 11 12 13 15 16 17 20 23 24 
1212 22/05/15 1 2 3 5 6 7 8 9 10 15 16 17 18 20 24 
1213 25/05/15 2 3 5 6 7 8 9 10 14 17 18 20 23 24 25 
1214 27/05/15 1 2 3 4 5 7 8 9 13 14 18 19 20 21 23 
1215 29/05/15 3 7 9 11 12 13 14 15 16 17 18 20 21 22 24 
1216 01/06/15 1 2 3 7 10 12 14 15 17 18 20 21 22 23 24 
1217 03/06/15 1 3 6 7 8 9 10 11 12 13 17 19 20 24 25 
1218 05/06/15 1 2 3 4 5 7 9 10 11 13 14 18 20 21 23 
1219 08/06/15 2 3 4 5 6 8 9 10 14 16 19 20 22 23 25 
1220 10/06/15 2 3 4 5 6 7 9 13 14 17 18 19 20 23 25 
1221 12/06/15 2 3 4 6 9 10 12 14 15 18 19 21 22 23 24 
1222 15/06/15 1 2 3 4 5 8 9 10 11 13 15 17 20 22 24 
1223 17/06/15 2 6 7 8 9 10 13 14 16 17 18 20 21 22 23 
1224 19/06/15 1 2 4 5 6 8 9 11 12 14 15 16 17 18 19 
1225 22/06/15 2 3 5 7 11 13 14 15 17 18 20 21 23 24 25 
1226 24/06/15 1 3 5 7 8 10 11 14 15 17 19 21 22 23 24 
1227 26/06/15 1 2 7 8 9 10 11 12 13 14 17 19 21 22 25 
1228 29/06/15 1 2 3 4 6 7 9 10 12 13 17 20 22 23 24 
1229 01/07/15 1 2 3 5 6 7 8 13 14 17 19 20 22 24 25 
1230 03/07/15 1 2 3 5 6 7 8 10 11 12 13 17 18 19 21 
1231 06/07/15 1 3 4 5 7 8 12 13 15 16 18 20 21 22 25 
1232 08/07/15 2 3 5 6 9 10 13 14 15 16 19 21 23 24 25 
1233 10/07/15 1 4 5 9 10 13 14 15 16 17 18 19 22 23 25 
1234 13/07/15 1 2 5 8 9 10 14 16 17 18 19 20 21 24 25 
1235 15/07/15 1 2 3 4 6 9 10 11 12 13 15 17 18 20 24 
1236 17/07/15 1 2 3 5 6 7 9 10 11 12 13 17 19 23 25 
1237 20/07/15 3 5 6 7 8 9 10 12 13 14 18 21 22 24 25 
1238 22/07/15 2 3 5 7 8 9 11 13 14 15 16 17 18 21 25 
1239 24/07/15 5 6 8 9 10 11 12 13 14 15 16 18 20 22 24 
1240 27/07/15 1 2 3 4 5 6 9 12 13 16 18 19 20 22 24 
1241 29/07/15 1 4 5 8 9 10 11 12 13 15 17 20 22 24 25 
1242 31/07/15 1 2 4 5 7 11 14 15 16 19 20 21 23 24 25 
1243 03/08/15 1 2 4 5 6 8 12 13 14 15 16 17 22 24 25 
1244 05/08/15 1 3 5 7 9 10 11 12 13 16 17 19 21 23 25 
1245 07/08/15 2 3 4 5 6 8 9 11 15 16 17 18 19 21 25 
1246 10/08/15 1 4 7 8 9 10 12 13 16 17 18 19 22 24 25 
1247 12/08/15 2 3 7 8 9 11 15 16 17 18 19 20 23 24 25 
1248 14/08/15 1 3 5 10 11 12 13 15 16 17 19 20 22 24 25 
1249 17/08/15 3 4 5 6 9 12 13 14 15 18 19 20 22 24 25 
1250 19/08/15 2 3 4 5 7 9 10 14 15 17 18 19 20 24 25 
1251 21/08/15 2 6 7 8 9 10 14 15 16 17 19 20 21 23 25 
1252 24/08/15 1 3 4 5 6 8 9 10 11 12 15 20 21 23 24 
1253 26/08/15 1 2 3 5 6 7 11 15 16 18 20 22 23 24 25 
1254 28/08/15 2 3 8 9 11 12 14 15 16 17 18 20 21 22 23 
1255 08/09/15 1 2 4 6 7 9 10 13 14 16 18 20 21 23 25 
1256 09/09/15 1 2 6 8 10 11 12 13 14 15 16 18 19 22 23 
1257 11/09/15 1 2 5 6 8 10 11 12 13 14 16 19 20 22 25 
1258 14/09/15 2 3 4 5 6 8 9 10 12 13 14 20 21 23 25 
1259 16/09/15 2 5 8 9 10 13 14 16 17 18 19 20 22 23 25 
1260 18/09/15 1 2 3 4 5 6 7 11 14 15 17 18 20 22 24 
1261 21/09/15 1 4 5 7 10 12 15 16 17 18 19 20 21 22 25 
1262 23/09/15 1 3 4 6 8 11 12 13 16 17 20 21 22 23 24 
1263 25/09/15 3 4 5 8 9 10 11 12 13 16 18 20 22 23 25 
1264 28/09/15 1 4 5 8 10 11 12 14 17 18 21 22 23 24 25 
1265 30/09/15 1 2 3 4 7 11 13 14 15 16 19 22 23 24 25 
1266 02/10/15 1 2 3 5 6 8 9 10 11 13 14 15 20 23 24 
1267 05/10/15 2 3 5 6 7 9 11 12 13 15 16 17 18 22 25 
1268 07/10/15 1 2 3 6 7 8 11 12 13 15 17 18 21 22 24 
1269 09/10/15 1 4 5 7 8 11 13 14 16 17 18 20 21 22 23 
1270 13/10/15 1 2 3 4 5 6 8 9 10 11 13 20 21 23 25 
1271 14/10/15 1 2 4 6 8 9 11 12 13 14 17 18 23 24 25 
1272 16/10/15 1 4 7 9 10 14 15 17 18 19 20 21 23 24 25 
1273 19/10/15 1 3 5 6 8 11 12 13 14 15 18 19 20 22 24 
1274 21/10/15 1 3 7 8 10 11 12 13 14 15 18 19 20 22 25 
1275 23/10/15 3 6 7 8 10 11 13 14 15 16 17 18 20 23 25 
1276 26/10/15 1 3 5 7 10 12 14 15 16 18 19 21 22 23 24 
1277 28/10/15 1 2 3 4 6 9 10 12 13 15 17 18 21 22 25 
1278 30/10/15 4 6 7 9 10 12 15 16 17 18 19 20 21 22 24 
1279 03/11/15 1 3 4 7 8 9 11 12 13 14 16 18 19 21 23 
1280 04/11/15 1 3 4 5 7 9 11 14 15 17 19 22 23 24 25 
1281 06/11/15 1 3 5 6 8 9 12 13 15 19 21 22 23 24 25 
1282 09/11/15 5 6 7 9 10 11 12 14 17 19 20 21 22 23 25 
1283 11/11/15 2 6 7 8 9 10 11 12 13 15 16 17 18 22 23 
1284 13/11/15 2 4 5 7 8 10 11 13 16 17 18 20 22 23 25 
1285 16/11/15 1 2 6 7 10 11 12 15 16 17 18 20 22 24 25 
1286 18/11/15 1 3 4 5 7 10 11 12 16 17 19 20 21 23 25 
1287 20/11/15 3 4 5 6 9 11 13 17 18 19 21 22 23 24 25 
1288 23/11/15 1 2 5 9 10 13 15 16 17 18 19 20 23 24 25 
1289 25/11/15 1 2 5 7 8 11 13 15 16 17 18 20 22 24 25 
1290 27/11/15 1 3 4 5 6 11 13 14 16 19 20 21 22 23 25 
1291 30/11/15 1 6 7 8 10 11 12 13 15 16 18 19 20 21 24 
1292 02/12/15 1 2 3 7 8 10 11 14 15 17 19 22 23 24 25 
1293 04/12/15 1 2 7 8 9 10 11 12 13 15 17 18 20 22 24 
1294 07/12/15 2 5 6 7 8 10 11 12 13 14 16 18 20 23 25 
1295 09/12/15 3 6 9 10 11 12 13 14 15 17 18 19 23 24 25 
1296 11/12/15 5 7 9 10 11 14 15 16 17 18 19 20 21 23 25 
1297 14/12/15 1 2 5 6 7 8 9 10 11 12 16 17 18 19 22 
1298 16/12/15 2 3 4 6 7 9 12 17 18 20 21 22 23 24 25 
1299 18/12/15 1 3 5 7 8 11 13 17 18 19 20 21 22 23 25 
1300 21/12/15 2 6 7 9 10 11 12 13 14 15 18 20 23 24 25 
1301 23/12/15 1 2 3 4 6 7 9 10 14 16 17 19 22 24 25 
1302 26/12/15 3 4 6 9 11 12 13 14 15 16 17 18 20 22 25 
1303 28/12/15 1 5 8 9 10 11 13 14 15 16 18 19 20 22 23 
1304 30/12/15 1 2 3 7 8 10 11 13 14 17 18 19 20 21 25 
1305 02/01/16 2 3 4 5 6 7 8 11 12 13 15 17 20 23 25 
1306 04/01/16 1 2 5 6 7 9 12 13 14 15 18 19 20 22 23 
1307 06/01/16 3 4 6 8 9 10 12 13 14 15 16 18 20 21 23 
1308 08/01/16 3 5 6 7 8 9 11 14 16 17 19 20 22 23 25 
1309 11/01/16 2 4 5 6 8 10 12 13 14 16 18 19 20 24 25 
1310 13/01/16 1 2 3 4 5 7 8 10 11 15 17 18 19 21 23 
1311 15/01/16 2 3 5 6 8 10 11 12 14 15 17 18 20 23 25 
1312 18/01/16 1 2 4 5 6 7 9 11 13 18 19 20 23 24 25 
1313 20/01/16 1 4 8 10 11 13 15 16 17 20 21 22 23 24 25 
1314 22/01/16 3 5 8 9 10 11 14 15 16 18 19 21 22 24 25 
1315 25/01/16 1 2 3 4 5 8 10 11 12 14 16 18 19 23 25 
1316 27/01/16 1 2 3 4 5 6 11 12 15 17 19 20 23 24 25 
1317 29/01/16 1 3 5 7 8 9 10 11 14 16 20 22 23 24 25 
1318 01/02/16 1 2 3 4 6 7 8 9 12 13 14 15 17 20 23 
1319 03/02/16 3 5 6 8 9 10 11 13 14 15 17 19 22 23 25 
1320 05/02/16 2 3 4 5 9 11 12 13 15 16 17 21 22 23 25 
1321 10/02/16 2 3 4 6 7 9 10 11 13 14 18 19 20 23 24 
1322 12/02/16 1 2 6 7 8 9 11 13 15 16 17 18 21 24 25 
1323 15/02/16 1 4 5 6 9 10 11 13 14 17 19 20 21 22 23 
1324 17/02/16 1 4 5 6 7 8 10 11 13 17 18 19 21 24 25 
1325 19/02/16 2 3 5 6 7 9 10 14 15 16 18 19 20 21 25 
1326 22/02/16 1 3 4 6 8 9 10 17 18 19 20 21 22 24 25 
1327 24/02/16 1 3 4 5 7 10 13 14 16 17 18 20 22 23 25 
1328 26/02/16 2 5 6 8 9 10 13 15 16 17 21 22 23 24 25 
1329 29/02/16 2 3 4 5 7 10 11 13 15 16 18 22 23 24 25 
1330 02/03/16 4 5 7 10 12 13 16 17 18 19 20 22 23 24 25 
1331 04/03/16 1 2 3 5 6 7 10 11 14 15 16 18 23 24 25 
1332 07/03/16 1 4 5 6 8 11 12 13 14 15 16 18 20 21 24 
1333 09/03/16 3 4 5 7 8 9 10 11 12 14 17 18 20 22 24 
1334 11/03/16 3 4 6 7 9 10 11 13 15 16 17 18 19 21 22 
1335 14/03/16 1 3 4 6 7 9 10 11 13 16 17 18 23 24 25 
1336 16/03/16 6 8 9 10 11 12 13 14 15 17 18 19 20 22 24 
1337 18/03/16 1 3 5 6 8 9 10 12 13 15 16 19 21 23 25 
1338 21/03/16 1 2 3 4 6 7 10 11 12 13 14 15 16 17 19 
1339 23/03/16 2 3 4 5 6 7 8 11 13 14 16 20 21 23 24 
1340 26/03/16 1 2 4 5 7 9 10 12 13 14 16 17 18 19 22 
1341 28/03/16 1 3 4 8 9 10 13 14 15 16 17 20 21 23 24 
1342 30/03/16 1 2 3 5 9 10 11 12 13 15 20 21 23 24 25 
1343 01/04/16 2 4 5 9 10 11 13 14 15 16 17 19 21 23 24 
1344 04/04/16 2 4 6 7 8 10 11 12 13 17 18 21 23 24 25 
1345 06/04/16 1 3 7 8 9 10 11 14 15 17 19 21 22 24 25 
1346 08/04/16 2 3 5 7 8 10 11 14 15 18 19 20 21 23 25 
1347 11/04/16 1 3 5 6 7 8 10 12 13 14 17 18 20 23 24 
1348 13/04/16 1 2 6 7 8 9 10 14 15 18 20 21 22 24 25 
1349 15/04/16 2 3 4 5 6 7 8 12 14 16 18 19 21 24 25 
1350 18/04/16 1 5 6 8 9 11 12 13 14 16 18 19 20 21 23 
1351 20/04/16 2 4 6 7 10 11 13 17 19 20 21 22 23 24 25 
1352 22/04/16 6 8 10 11 12 13 14 15 16 19 20 21 23 24 25 
1353 25/04/16 3 5 7 8 9 10 11 12 14 18 21 22 23 24 25 
1354 27/04/16 1 2 3 5 7 9 11 12 13 14 15 18 20 21 24 
1355 29/04/16 1 2 3 4 6 7 8 11 15 16 18 20 21 22 24 
1356 02/05/16 3 4 6 8 9 10 11 12 13 14 15 16 17 19 20 
1357 04/05/16 3 7 8 9 10 11 12 13 15 17 18 20 21 22 23 
1358 06/05/16 1 2 3 4 6 8 9 13 15 17 18 19 20 22 23 
1359 09/05/16 3 5 7 8 9 11 13 14 15 16 17 18 20 21 23 
1360 11/05/16 1 2 3 4 5 6 8 10 11 12 14 18 20 23 24 
1361 13/05/16 1 4 5 11 12 13 14 15 16 17 18 19 20 23 25 
1362 16/05/16 1 3 4 6 9 10 11 12 13 16 21 22 23 24 25 
1363 18/05/16 5 7 9 10 12 13 14 15 16 17 19 20 21 22 23 
1364 20/05/16 1 6 9 10 11 12 13 15 16 17 18 20 22 24 25 
1365 23/05/16 2 3 6 9 10 12 14 15 19 20 21 22 23 24 25 
1366 25/05/16 4 8 9 10 11 12 13 14 15 16 17 21 22 24 25 
1367 27/05/16 2 3 4 5 6 7 9 14 15 16 17 18 20 23 24 
1368 30/05/16 5 7 8 10 11 12 14 16 18 19 20 22 23 24 25 
1369 01/06/16 3 4 5 9 10 11 12 13 14 16 17 18 21 22 24 
1370 03/06/16 2 4 5 7 8 11 13 14 17 18 20 21 22 24 25 
1371 06/06/16 3 4 5 7 13 15 17 18 19 20 21 22 23 24 25 
1372 08/06/16 1 2 3 5 7 9 10 13 15 16 17 18 21 23 25 
1373 10/06/16 1 2 3 4 5 6 7 8 12 17 18 20 21 23 24 
1374 13/06/16 2 3 4 5 6 9 10 14 15 16 19 20 21 23 25 
1375 15/06/16 1 5 6 9 10 11 14 15 16 18 20 22 23 24 25 
1376 17/06/16 1 3 4 5 6 12 13 14 15 16 18 19 20 22 24 
1377 20/06/16 1 5 6 8 9 10 12 13 15 17 19 20 21 22 25 
1378 22/06/16 1 2 3 6 8 10 12 13 17 19 20 21 23 24 25 
1379 24/06/16 1 2 4 5 7 8 9 10 12 14 15 17 18 21 22 
1380 27/06/16 3 4 5 6 8 11 12 14 15 16 17 21 22 24 25 
1381 29/06/16 1 4 6 8 9 10 12 13 14 16 17 18 19 21 25 
1382 01/07/16 1 6 10 12 13 14 15 16 17 18 19 20 21 22 24 
1383 04/07/16 2 6 7 8 9 13 14 15 16 17 20 21 22 24 25 
1384 06/07/16 3 4 6 8 9 11 12 13 15 18 19 20 22 24 25 
1385 08/07/16 4 5 8 9 10 11 12 13 14 15 17 18 19 20 23 
1386 11/07/16 1 2 3 4 7 9 13 16 17 18 19 21 22 24 25 
1387 13/07/16 1 3 4 5 6 7 9 11 12 13 14 15 16 18 24 
1388 15/07/16 1 3 5 7 8 10 11 12 15 18 19 20 21 23 25 
1389 18/07/16 1 2 4 5 6 8 10 12 14 15 16 17 18 20 21 
1390 20/07/16 3 5 6 7 8 11 13 14 15 16 17 18 20 21 23 
1391 22/07/16 1 3 5 6 10 11 12 15 16 17 19 20 21 24 25 
1392 25/07/16 1 2 3 4 8 9 14 15 16 17 18 20 21 22 25 
1393 27/07/16 3 4 5 7 9 10 11 12 13 14 17 18 20 22 23 
1394 29/07/16 3 4 5 6 9 10 11 14 15 16 18 19 21 22 23 
1395 01/08/16 5 6 7 8 11 12 13 14 16 17 18 19 22 23 25 
1396 03/08/16 3 5 6 7 10 12 13 17 18 19 20 22 23 24 25 
1397 05/08/16 1 3 4 5 6 8 9 11 12 13 14 18 21 22 25 
1398 08/08/16 1 4 5 6 7 8 11 14 15 16 19 20 21 24 25 
1399 10/08/16 4 5 6 8 9 12 13 14 15 17 19 21 22 24 25 
1400 12/08/16 1 2 3 5 6 9 10 12 16 19 21 22 23 24 25 
1401 15/08/16 1 3 4 5 6 7 8 14 15 18 19 21 22 24 25 
1402 17/08/16 2 3 4 5 8 9 11 12 14 15 16 19 20 21 23 
1403 19/08/16 3 4 5 8 9 10 11 12 13 15 16 17 21 23 25 
1404 22/08/16 1 2 3 4 8 10 11 13 15 16 18 19 21 22 25 
1405 24/08/16 2 3 4 7 9 10 11 14 15 16 18 19 20 23 24 
1406 26/08/16 2 3 4 5 6 9 11 13 15 19 20 21 22 24 25 
1407 29/08/16 1 2 4 5 6 7 10 12 13 20 21 22 23 24 25 
1408 06/09/16 1 3 5 8 10 11 12 13 14 19 21 22 23 24 25 
1409 09/09/16 1 2 4 6 7 8 11 12 14 16 17 19 22 24 25 
1410 12/09/16 2 3 4 5 6 7 9 10 14 15 16 17 20 21 23 
1411 14/09/16 1 5 6 7 8 9 10 12 13 14 15 16 17 21 23 
1412 16/09/16 5 6 7 9 11 13 15 16 18 19 21 22 23 24 25 
1413 19/09/16 2 3 4 5 6 7 8 9 10 13 16 17 18 21 25 
1414 21/09/16 2 3 4 5 7 9 10 11 13 14 16 17 20 21 23 
1415 23/09/16 2 4 5 6 10 12 13 15 17 18 19 22 23 24 25 
1416 26/09/16 3 4 5 7 8 9 10 12 14 15 17 18 19 20 24 
1417 28/09/16 1 2 3 4 6 7 9 11 13 14 15 18 19 22 23 
1418 30/09/16 2 4 6 9 10 11 13 14 15 17 18 20 21 22 23 
1419 03/10/16 2 3 6 7 11 12 15 16 17 18 19 20 21 23 24 
1420 05/10/16 1 4 6 7 8 10 13 14 15 16 17 20 22 23 25 
1421 07/10/16 3 5 6 7 8 9 11 12 14 17 18 19 20 23 24 
1422 10/10/16 1 4 5 7 10 11 13 14 15 16 17 19 22 23 24 
1423 14/10/16 1 2 4 5 7 8 11 12 13 14 15 16 19 22 23 
1424 17/10/16 2 4 5 6 8 9 10 11 13 17 18 20 21 23 25 
1425 19/10/16 1 3 4 5 8 9 11 12 13 14 16 19 20 21 25 
1426 21/10/16 2 3 4 7 8 10 12 14 15 16 18 22 23 24 25 
1427 24/10/16 1 2 7 10 11 12 14 15 16 17 18 19 20 22 25 
1428 26/10/16 2 3 4 5 6 8 9 13 17 18 19 20 21 22 25 
1429 28/10/16 5 7 8 9 10 12 13 14 15 16 18 19 20 21 25 
1430 31/10/16 1 3 4 5 7 8 9 13 15 16 20 21 22 23 25 
1431 04/11/16 1 2 7 8 9 10 12 14 15 16 17 19 20 23 25 
1432 07/11/16 1 3 4 5 10 11 12 16 17 18 20 21 23 24 25 
1433 09/11/16 3 6 7 9 10 12 14 15 16 18 20 22 23 24 25 
1434 11/11/16 3 4 5 6 7 9 10 12 13 15 18 19 22 23 24 
1435 14/11/16 1 2 3 4 5 6 9 10 12 16 17 19 20 21 23 
1436 16/11/16 1 2 3 5 6 8 11 12 15 17 18 19 22 23 24 
1437 18/11/16 2 4 5 6 7 8 9 11 13 14 17 19 20 23 25 
1438 21/11/16 1 4 7 8 9 10 11 12 14 15 17 20 21 22 24 
1439 23/11/16 1 2 3 5 11 12 13 14 15 16 17 18 19 22 24 
1440 25/11/16 2 3 8 10 12 13 14 16 17 18 20 21 22 24 25 
1441 28/11/16 1 3 4 5 6 7 9 10 11 13 16 19 22 23 25 
1442 30/11/16 1 2 3 4 7 9 11 12 13 15 16 17 19 20 21 
1443 02/12/16 1 2 3 5 7 8 9 10 11 12 14 15 16 17 24 
1444 05/12/16 1 2 4 5 6 9 10 11 14 15 17 18 20 21 24 
1445 07/12/16 1 4 5 6 8 10 13 15 16 17 18 20 22 23 25 
1446 09/12/16 1 4 6 7 8 12 13 16 17 20 21 22 23 24 25 
1447 12/12/16 1 3 4 5 8 11 12 13 17 18 19 21 22 24 25 
1448 14/12/16 1 3 4 5 6 8 12 13 16 18 19 21 22 23 24 
1449 16/12/16 1 3 4 5 6 7 8 9 11 15 16 20 22 23 24 
1450 19/12/16 1 2 4 5 8 9 10 13 14 16 17 19 20 22 24 
1451 21/12/16 1 2 3 5 10 12 13 14 15 19 20 21 23 24 25 
1452 23/12/16 2 5 7 8 10 11 13 14 15 17 20 21 23 24 25 
1453 26/12/16 1 2 5 8 9 10 13 14 15 16 19 21 23 24 25 
1454 28/12/16 1 3 4 7 10 12 13 14 18 19 20 21 22 23 25 
