Jogo 634
0 9
1 9
2 18
3 17
4 14
5 8
6 2
7 9
8 3
9 0
10 3
11 14
12 20
13 11
14 5
15 10
16 0
17 14
18 9
19 1
20 3
21 3
22 4
23 0
24 0
25 11
26 17
27 0
28 18
29 6
30 1
31 12
32 0
33 2
34 43
35 21
36 17
37 1
38 20
39 1
40 14
41 14
42 8
43 4
44 3
45 9
46 6
47 3
48 14
49 4
50 2
51 2
52 1
53 8
54 3
55 6
56 0
57 3
58 2
59 2
60 9
61 4
62 9
63 0
64 9
65 4
66 10
67 17
68 4
69 3
70 2
71 9
72 2
73 12
74 14
75 23
76 9
77 0
78 2
79 2
80 3
81 3
82 0
83 8
84 9
85 6
86 0
87 9
88 8
89 24
90 16
91 8
92 8
93 9
94 16
95 9
96 2
97 6
98 3
99 4
100 2
101 17
102 10
103 0
104 14
105 0
106 0
107 9
108 15
109 33
110 7
111 49
112 0
113 8
114 10
115 2
116 2
117 10
118 0
119 7
120 10
121 5
122 3
123 13
124 9
125 8
126 2
127 0
128 12
129 20
130 44
131 14
132 2
133 4
134 8
135 1
136 14
137 4
138 4
139 0
140 9
141 3
142 3
143 2
144 0
145 0
146 1
147 0
148 13
149 12
150 4
151 8
152 6
153 4
154 1
155 9
156 0
157 2
158 11
159 0
160 0
161 3
162 3
163 20
164 25
165 10
166 0
167 8
168 0
169 0
170 11
171 11
172 10
173 23
174 21
175 8
176 3
177 1
178 20
179 9
180 0
181 10
182 3
183 20
184 7
185 13
186 0
187 31
188 6
189 10
190 27
191 9
192 10
193 1
194 3
195 0
196 13
197 10
198 9
199 14
200 14
201 8
202 0
203 3
204 10
205 35
206 4
207 8
208 8
209 0
210 5
211 0
212 10
213 3
214 5
215 9
216 9
217 2
218 9
219 23
220 3
221 3
222 3
223 21
224 3
225 0
226 14
227 9
228 0
229 6
230 15
231 8
232 9
233 14
234 8
235 11
236 0
237 4
238 9
239 0
240 0
241 2
242 0
243 10
244 2
245 14
246 2
247 6
248 3
249 35
250 1
251 10
252 9
253 4
254 4
255 2
256 3
257 0
258 14
259 12
260 1
261 3
262 11
263 4
264 2
265 0
266 2
267 0
268 10
269 8
270 3
271 14
272 0
273 0
274 39
275 0
276 10
277 36
278 0
279 14
280 0
281 11
282 3
283 3
284 30
285 8
286 10
287 6
288 10
289 3
290 10
291 14
292 0
293 3
294 3
295 28
296 0
297 5
298 5
299 5
300 7
301 13
302 13
303 11
304 17
305 19
306 9
307 0
308 5
309 7
310 0
311 3
312 23
313 6
314 0
315 14
316 3
317 0
318 2
319 2
320 10
321 1
322 0
323 3
324 0
325 8
326 9
327 23
328 3
329 18
330 3
331 5
332 0
333 4
334 21
335 0
336 8
337 23
338 2
339 9
340 1
341 3
342 7
343 10
344 0
345 3
346 8
347 0
348 10
349 0
350 12
351 9
352 14
353 9
354 0
355 33
356 4
357 9
358 15
359 8
360 0
361 9
362 11
363 0
364 0
365 7
366 5
367 2
368 9
369 3
370 6
371 6
372 3
373 2
374 5
375 0
376 9
377 15
378 23
379 20
380 8
381 0
382 0
383 1
384 38
385 21
386 14
387 23
388 4
389 3
390 9
391 10
392 10
393 0
394 5
395 9
396 3
397 2
398 0
399 0
400 0
401 33
402 21
403 7
404 10
405 3
406 3
407 0
408 4
409 8
410 0
411 11
412 9
413 20
414 8
415 6
416 7
417 9
418 8
419 4
420 2
421 9
422 0
423 30
424 3
425 10
426 3
427 35
428 21
429 0
430 4
431 3
432 4
433 31
434 0
435 0
436 0
437 1
438 0
439 0
440 3
441 4
442 25
443 3
444 3
445 20
446 23
447 16
448 6
449 2
450 9
451 14
452 2
453 7
454 5
455 9
456 8
457 1
458 0
459 1
460 3
461 3
462 0
463 6
464 8
465 2
466 0
467 11
468 4
469 0
470 10
471 12
472 0
473 0
474 1
475 3
476 3
477 9
478 8
479 0
480 9
481 15
482 11
483 8
484 8
485 7
486 2
487 10
488 3
489 1
490 8
491 3
492 9
493 1
494 3
495 23
496 8
497 0
498 3
499 20
500 3
501 16
502 9
503 5
504 6
505 0
506 1
507 8
508 9
509 0
510 16
511 0
512 0
513 1
514 1
515 10
516 0
517 18
518 6
519 1
520 0
521 3
522 0
523 2
524 11
525 14
526 14
527 7
528 8
529 8
530 8
531 20
532 7
533 15
534 9
535 20
536 20
537 0
538 0
539 3
540 6
541 5
542 9
543 1
544 1
545 2
546 0
547 8
548 7
549 20
550 0
551 16
552 13
553 4
554 9
555 2
556 2
557 8
558 0
559 12
560 1
561 0
562 4
563 0
564 14
565 2
566 8
567 9
568 10
569 3
570 0
571 0
572 6
573 5
574 14
575 10
576 8
577 1
578 9
579 12
580 8
581 9
582 3
583 3
584 9
585 12
586 20
587 0
588 9
589 28
590 4
591 2
592 8
593 14
594 8
595 5
596 7
597 14
598 8
599 8
600 2
601 17
602 4
603 14
604 6
605 12
606 9
607 21
608 2
609 6
610 0
611 6
612 8
613 3
614 31
615 29
616 3
617 20
618 2
619 3
620 2
621 23
622 25
623 10
624 5
625 8
626 0
627 5
628 7
629 8
630 4
631 4
632 6
633 6
634 20
635 2
636 19
637 9
638 14
639 8
640 0
641 8
642 2
643 10
644 10
645 48
646 6
647 7
648 6
649 0
650 7
651 51
652 9
653 3
654 4
655 3
656 1
657 2
658 3
659 6
660 3
661 1
662 3
663 3
664 6
665 35
666 1
667 9
668 9
669 8
670 11
671 8
672 1
673 10
674 43
675 8
676 8
677 3
678 0
679 1
680 13
681 8
682 6
683 8
684 0
685 0
686 2
687 9
688 2
689 2
690 0
691 0
692 2
693 5
694 14
695 3
696 9
697 9
698 3
699 0
700 4
701 0
702 13
703 5
704 2
705 5
706 14
707 3
708 8
709 3
710 0
711 20
712 8
713 8
714 8
715 2
716 3
717 0
718 6
719 3
720 7
721 6
722 2
723 3
724 10
725 0
726 7
727 3
728 8
729 3
730 9
731 10
732 0
733 3
734 3
735 2
736 3
737 1
738 0
739 8
740 9
741 6
742 8
743 0
744 7
745 4
746 6
747 0
748 5
749 0
750 0
751 5
752 16
753 0
754 12
755 0
756 0
757 0
758 9
759 12
760 3
761 12
762 2
763 9
764 0
765 0
766 3
767 0
768 7
769 2
770 0
771 9
772 3
773 3
774 20
775 0
776 4
777 1
778 10
779 9
780 2
781 3
782 0
783 11
784 14
785 3
786 1
787 1
788 8
789 0
790 3
791 3
792 33
793 9
794 4
795 25
796 4
797 5
798 8
799 2
800 0
801 2
802 14
803 2
804 8
805 14
806 0
807 9
808 3
809 49
810 15
811 3
812 8
813 44
814 4
815 3
816 3
817 28
818 9
819 1
820 8
821 1
822 22
823 9
824 10
825 10
826 8
827 10
828 11
829 3
830 12
831 2
832 3
833 8
834 4
835 14
836 21
837 33
838 2
839 10
840 8
841 4
842 9
843 0
844 28
845 3
846 20
847 5
848 2
849 11
850 5
851 13
852 4
853 3
854 3
855 14
856 9
857 1
858 7
859 1
860 3
861 17
862 2
863 6
864 16
865 8
866 9
867 9
868 15
869 2
870 13
871 8
872 17
873 15
874 1
875 30
876 16
877 8
878 8
879 8
880 14
881 6
882 23
883 6
884 5
885 8
886 2
887 10
888 14
889 0
890 3
891 3
892 0
893 6
894 27
895 2
896 9
897 3
898 10
899 0
900 3
901 10
902 0
903 5
904 0
905 8
906 15
907 9
908 9
909 8
910 10
911 1
912 5
913 0
914 7
915 2
916 8
917 7
918 3
919 23
920 8
921 0
922 2
923 0
924 0
925 1
926 0
927 8
928 8
929 5
930 0
931 29
932 5
933 0
934 3
935 14
936 12
937 2
938 0
939 16
940 2
941 3
942 8
943 8
944 0
945 10
946 3
947 14
948 0
949 0
950 3
951 37
952 14
953 1
954 5
955 3
956 0
957 1
958 4
959 0
960 8
961 23
962 3
963 12
964 20
965 6
